Rk,Player,Pos,Age,Tm,G,GS,MP,FG,FGA,FG%,3P,3PA,3P%,2P,2PA,2P%,eFG%,FT,FTA,FT%,ORB,DRB,TRB,AST,STL,BLK,TOV,PF,PTS
1,Precious Achiuwa\achiupr01,PF,21,MIA,35,2,14.0,2.4,4.1,.579,0.0,0.0,,2.4,4.1,.579,.579,1.3,2.3,.543,1.3,2.7,4.0,0.6,0.4,0.5,0.9,1.7,6.1
2,Jaylen Adams\adamsja01,PG,24,MIL,7,0,2.6,0.1,1.1,.125,0.0,0.3,.000,0.1,0.9,.167,.125,0.0,0.0,,0.0,0.4,0.4,0.3,0.0,0.0,0.0,0.1,0.3
3,Steven Adams\adamsst01,C,27,NOP,33,33,27.8,3.5,5.7,.615,0.0,0.0,.000,3.5,5.6,.618,.615,1.1,2.4,.443,4.0,4.9,8.9,2.1,0.9,0.6,1.5,1.9,8.0
4,Bam Adebayo\adebaba01,C,23,MIA,33,33,33.9,7.2,12.7,.563,0.1,0.2,.333,7.1,12.5,.567,.566,4.8,5.7,.847,2.2,7.3,9.5,5.4,0.9,1.0,3.0,2.4,19.2
5,LaMarcus Aldridge\aldrila01,C,35,SAS,21,18,25.9,5.5,11.8,.464,1.3,3.6,.360,4.2,8.2,.509,.518,1.5,1.8,.838,0.8,3.7,4.5,1.7,0.4,0.9,1.0,1.7,13.7
6,Ty-Shon Alexander\alexaty01,SG,22,PHO,3,0,2.7,0.0,1.0,.000,0.0,0.3,.000,0.0,0.7,.000,.000,0.0,0.0,,0.0,0.3,0.3,0.3,0.0,0.0,0.0,0.3,0.0
7,Nickeil Alexander-Walker\alexani01,SG,22,NOP,28,3,17.7,3.1,7.5,.408,1.1,3.5,.306,2.0,4.0,.496,.479,1.0,1.3,.800,0.2,2.2,2.4,1.9,1.0,0.3,1.1,1.6,8.2
8,Grayson Allen\allengr01,SG,25,MEM,23,12,24.0,2.9,7.1,.409,2.0,4.9,.407,0.9,2.2,.412,.549,1.5,1.7,.895,0.3,2.5,2.8,2.2,1.0,0.1,0.9,1.3,9.3
9,Jarrett Allen\allenja01,C,22,TOT,35,17,27.9,4.9,7.3,.669,0.1,0.2,.500,4.8,7.1,.675,.677,3.5,4.7,.741,3.2,6.7,9.9,1.7,0.5,1.7,1.5,1.6,13.5
9,Jarrett Allen\allenja01,C,22,BRK,12,5,26.7,3.7,5.4,.677,0.0,0.0,,3.7,5.4,.677,.677,3.8,5.1,.754,3.2,7.3,10.4,1.7,0.6,1.6,1.8,1.8,11.2
9,Jarrett Allen\allenja01,C,22,CLE,23,12,28.6,5.6,8.3,.667,0.2,0.3,.500,5.4,8.0,.674,.677,3.3,4.6,.733,3.2,6.4,9.6,1.7,0.4,1.7,1.4,1.5,14.7
10,Al-Farouq Aminu\aminual01,PF,30,ORL,9,6,18.1,1.9,4.8,.395,0.7,1.7,.400,1.2,3.1,.393,.465,0.8,1.0,.778,1.0,3.1,4.1,1.7,0.9,0.6,1.1,1.0,5.2
11,Kyle Anderson\anderky01,PF,27,MEM,30,30,27.6,4.9,10.2,.477,1.5,4.0,.380,3.3,6.2,.541,.552,2.1,2.8,.762,0.9,5.2,6.1,3.5,1.2,0.7,1.5,1.8,13.4
12,Giannis Antetokounmpo\antetgi01,PF,26,MIL,35,35,34.0,10.5,18.9,.557,1.1,3.9,.285,9.4,15.0,.628,.586,6.9,10.4,.661,1.8,9.8,11.7,5.9,1.3,1.4,3.7,3.0,29.0
13,Kostas Antetokounmpo\antetko01,PF,23,LAL,3,0,6.3,0.3,1.0,.333,0.0,0.0,,0.3,1.0,.333,.333,0.3,0.7,.500,0.7,2.0,2.7,0.0,0.3,0.7,1.7,1.0,1.0
14,Thanasis Antetokounmpo\antetth01,SF,28,MIL,26,0,8.7,1.0,1.7,.605,0.1,0.3,.222,0.9,1.3,.706,.628,0.2,0.5,.462,1.0,1.1,2.1,0.7,0.3,0.2,0.7,1.3,2.3
15,Carmelo Anthony\anthoca01,PF,36,POR,34,3,25.6,4.9,11.8,.413,1.8,4.6,.387,3.1,7.3,.429,.488,2.4,2.8,.842,0.6,2.8,3.3,1.5,0.9,0.8,1.0,2.1,13.9
16,Cole Anthony\anthoco01,PG,20,ORL,25,17,26.7,4.0,10.8,.375,1.1,3.3,.325,3.0,7.4,.398,.426,1.8,2.2,.836,0.8,3.6,4.4,3.8,0.7,0.4,2.0,2.0,11.0
17,OG Anunoby\anunoog01,SF,23,TOR,23,23,33.4,5.0,10.3,.479,2.1,5.4,.395,2.8,5.0,.570,.582,1.7,2.3,.755,1.4,4.3,5.7,1.7,1.6,0.7,1.7,2.8,13.8
18,Ryan Arcidiacono\arcidry01,PG,26,CHI,18,0,11.0,1.2,2.8,.420,0.6,1.8,.344,0.6,1.0,.556,.530,0.4,0.5,.889,0.1,1.7,1.8,1.3,0.3,0.0,0.2,0.9,3.4
19,D.J. Augustin\augusdj01,PG,33,MIL,34,6,19.5,1.9,5.4,.350,1.3,3.6,.366,0.6,1.8,.317,.473,1.0,1.1,.897,0.3,1.0,1.4,3.0,0.6,0.0,0.9,0.8,6.1
20,Deni Avdija\avdijde01,SF,20,WAS,30,16,21.5,2.3,5.2,.433,1.0,2.9,.356,1.2,2.3,.529,.532,0.4,0.6,.579,0.4,4.2,4.7,1.3,0.7,0.2,0.8,2.5,5.9
21,Deandre Ayton\aytonde01,C,22,PHO,35,35,31.1,6.2,10.5,.594,0.1,0.5,.235,6.1,10.0,.611,.599,1.9,2.5,.750,3.4,8.1,11.4,1.7,0.3,1.1,1.7,3.1,14.5
22,Udoka Azubuike\azubuud01,C,21,UTA,12,0,4.1,0.3,0.6,.571,0.0,0.0,,0.3,0.6,.571,.571,0.3,0.5,.667,0.3,0.8,1.1,0.0,0.1,0.3,0.3,0.7,1.0
23,Dwayne Bacon\bacondw01,SG,25,ORL,36,23,24.6,3.8,9.1,.413,0.9,2.8,.333,2.8,6.3,.449,.465,1.6,1.9,.826,0.3,2.5,2.9,1.0,0.6,0.1,0.7,1.6,10.1
24,Marvin Bagley III\baglema01,PF,21,SAC,34,34,26.1,5.7,11.5,.500,1.0,2.7,.370,4.7,8.8,.540,.544,1.6,3.0,.529,2.4,5.1,7.6,1.0,0.5,0.5,1.4,2.4,14.1
25,LaMelo Ball\ballla01,PG,19,CHO,35,15,28.9,5.7,12.8,.449,2.0,5.3,.378,3.7,7.5,.498,.527,2.3,2.9,.802,1.5,4.6,6.0,6.3,1.6,0.4,2.8,2.7,15.8
26,Lonzo Ball\balllo01,PG,23,NOP,33,33,31.8,5.3,12.4,.428,3.0,7.8,.387,2.3,4.6,.497,.549,0.9,1.2,.775,0.6,3.5,4.2,5.1,1.3,0.5,2.0,2.2,14.5
27,Mo Bamba\bambamo01,C,22,ORL,17,0,9.5,2.1,3.9,.522,0.4,1.1,.368,1.6,2.8,.583,.575,0.2,0.4,.667,1.1,2.7,3.8,0.2,0.2,0.8,0.4,1.2,4.8
28,Desmond Bane\banede01,SG,22,MEM,28,6,22.8,3.6,7.5,.478,1.7,3.8,.443,1.9,3.7,.515,.591,0.8,0.9,.875,0.4,2.4,2.9,1.4,0.7,0.1,1.0,1.9,9.6
29,Harrison Barnes\barneha02,PF,28,SAC,33,33,35.7,5.6,11.3,.492,1.7,4.3,.392,3.9,7.0,.554,.567,3.9,4.7,.826,1.0,5.1,6.1,3.6,0.8,0.2,1.4,1.3,16.7
30,RJ Barrett\barrerj01,SG,20,NYK,37,37,33.2,6.3,14.2,.443,1.2,3.3,.350,5.1,10.9,.471,.484,2.8,3.8,.730,1.2,4.8,6.0,2.9,0.6,0.2,1.9,2.6,16.5
31,Will Barton\bartowi01,SF,30,DEN,33,29,29.9,4.5,10.2,.442,1.5,3.9,.388,3.0,6.2,.476,.516,1.1,1.5,.755,0.6,3.5,4.1,3.1,0.8,0.4,1.7,1.6,11.6
32,Keita Bates-Diop\bateske01,SF,25,SAS,13,0,8.2,0.8,2.4,.355,0.4,1.1,.357,0.5,1.3,.353,.435,0.5,0.6,.875,0.4,1.1,1.5,0.5,0.5,0.1,0.1,0.4,2.6
33,Nicolas Batum\batumni01,SF,32,LAC,35,35,29.5,3.1,6.5,.472,1.9,4.4,.439,1.1,2.1,.541,.620,0.9,1.0,.833,0.9,3.9,4.8,2.4,1.2,0.4,0.7,1.7,9.0
34,Aron Baynes\baynear01,C,34,TOR,33,26,19.7,2.7,6.1,.440,0.5,2.1,.243,2.2,3.9,.546,.483,0.5,0.6,.750,1.6,3.8,5.4,1.1,0.3,0.3,0.9,2.4,6.3
35,Kent Bazemore\bazemke01,SF,31,GSW,35,1,16.8,2.4,5.0,.480,1.1,2.5,.438,1.3,2.5,.523,.591,0.7,0.9,.750,0.4,2.6,3.0,1.6,0.9,0.5,1.1,2.2,6.6
36,Darius Bazley\bazleda01,PF,20,OKC,36,36,30.7,4.4,11.2,.392,1.5,5.2,.290,2.9,6.0,.479,.459,1.6,2.3,.704,0.6,6.9,7.5,1.5,0.5,0.6,1.8,0.9,11.9
37,Bradley Beal\bealbr01,SG,27,WAS,32,32,35.7,11.5,23.9,.482,2.3,6.9,.335,9.2,17.0,.541,.530,7.6,8.4,.903,1.3,4.1,5.4,4.7,1.4,0.4,3.3,2.6,32.9
38,Malik Beasley\beaslma01,SG,24,MIN,33,32,33.1,7.6,16.7,.455,3.5,8.7,.406,4.1,8.0,.508,.560,1.8,2.2,.847,0.8,3.8,4.6,2.5,0.8,0.2,1.6,1.6,20.5
39,Jordan Bell\belljo01,C,26,WAS,3,1,16.7,1.7,5.0,.333,0.0,0.7,.000,1.7,4.3,.385,.333,0.0,0.0,,1.7,3.7,5.3,1.7,0.3,1.0,1.0,1.3,3.3
40,DeAndre' Bembry\bembrde01,SF,26,TOR,27,5,16.4,1.8,3.2,.570,0.3,0.8,.364,1.5,2.4,.641,.616,0.5,0.7,.700,0.4,1.6,2.0,2.0,0.6,0.3,1.0,1.6,4.4
41,Dāvis Bertāns\bertada01,PF,28,WAS,30,3,26.1,3.3,8.6,.388,2.9,7.6,.384,0.4,1.0,.414,.558,1.9,2.3,.853,0.5,2.7,3.1,0.9,0.6,0.2,0.6,2.5,11.5
42,Patrick Beverley\beverpa01,PG,32,LAC,28,28,24.2,2.8,6.3,.446,1.8,4.1,.422,1.1,2.2,.492,.585,1.1,1.4,.795,1.0,2.9,3.8,2.1,0.9,0.8,1.0,3.2,8.5
43,Saddiq Bey\beysa01,SF,21,DET,34,17,22.9,3.2,7.8,.409,2.1,5.4,.393,1.1,2.4,.444,.545,1.4,1.6,.857,0.5,3.4,3.9,1.1,0.6,0.0,0.7,1.6,9.9
44,Tyler Bey\beyty01,SF,22,DAL,4,0,3.3,0.5,1.3,.400,0.0,0.0,,0.5,1.3,.400,.400,0.5,1.0,.500,0.5,0.3,0.8,0.0,0.0,0.3,0.0,0.5,1.5
45,Khem Birch\birchkh01,C,28,ORL,35,1,20.1,2.2,4.4,.497,0.1,0.4,.308,2.1,4.0,.514,.510,1.5,2.0,.739,2.6,2.8,5.3,1.1,0.6,0.7,0.5,1.5,5.9
46,Goga Bitadze\bitadgo01,C,21,IND,16,0,9.3,1.5,2.9,.511,0.1,0.9,.133,1.4,2.0,.688,.532,0.6,0.8,.769,0.7,1.3,2.0,0.3,0.2,0.9,0.5,1.6,3.8
47,Bismack Biyombo\biyombi01,C,28,CHO,33,19,22.3,2.4,4.2,.569,0.0,0.0,.000,2.4,4.1,.574,.569,0.9,1.8,.483,2.2,3.4,5.6,1.5,0.3,1.2,0.9,2.5,5.6
48,Nemanja Bjelica\bjeline01,PF,32,SAC,19,1,18.0,3.1,6.3,.483,0.8,2.4,.333,2.3,3.9,.573,.546,1.6,2.0,.789,1.1,3.2,4.2,2.2,0.3,0.1,1.3,1.9,8.5
49,Eric Bledsoe\bledser01,SG,31,NOP,35,34,29.7,4.5,10.4,.435,2.0,5.1,.385,2.5,5.3,.484,.530,1.6,2.3,.679,0.5,3.1,3.5,3.8,0.8,0.3,1.6,1.5,12.6
50,Keljin Blevins\blevike01,SF,25,POR,9,0,5.2,0.2,1.2,.182,0.0,0.4,.000,0.2,0.8,.286,.182,0.0,0.0,,0.0,0.2,0.2,0.4,0.2,0.0,0.3,0.4,0.4
51,Bogdan Bogdanović\bogdabo01,SG,28,ATL,11,2,22.6,3.2,8.3,.385,2.1,6.1,.343,1.1,2.2,.500,.511,0.9,1.0,.909,0.2,3.3,3.5,2.2,0.4,0.2,1.2,1.9,9.4
52,Bojan Bogdanović\bogdabo02,SF,31,UTA,36,36,30.6,5.2,12.1,.432,2.7,6.7,.405,2.5,5.4,.466,.545,2.6,3.0,.852,0.5,3.4,3.9,1.9,0.5,0.1,1.4,1.6,15.7
53,Bol Bol\bolbo01,PF,21,DEN,15,2,5.6,0.7,1.5,.500,0.3,0.7,.500,0.4,0.8,.500,.614,0.1,0.1,.500,0.0,0.7,0.7,0.3,0.1,0.3,0.5,0.6,1.9
54,Marques Bolden\boldema01,C,22,CLE,6,0,4.8,0.2,0.5,.333,0.0,0.0,,0.2,0.5,.333,.333,0.8,1.3,.625,0.5,0.5,1.0,0.0,0.3,0.3,0.3,0.0,1.2
55,Jordan Bone\bonejo01,PG,23,ORL,14,0,14.0,1.6,3.9,.426,0.7,2.3,.313,0.9,1.6,.591,.519,0.0,0.0,,0.3,1.4,1.7,1.3,0.1,0.0,0.2,0.8,4.0
56,Isaac Bonga\bongais01,SF,21,WAS,22,7,12.3,0.8,2.0,.378,0.5,1.3,.345,0.3,0.7,.438,.489,0.1,0.2,.750,0.4,1.6,2.0,0.6,0.3,0.2,0.4,1.5,2.1
57,Devin Booker\bookede01,SG,24,PHO,31,31,33.9,9.2,18.5,.496,2.0,5.6,.362,7.1,12.9,.554,.551,4.5,5.4,.839,0.2,3.5,3.6,4.4,0.9,0.3,3.3,3.0,24.9
58,Chris Boucher\bouchch01,C,28,TOR,36,2,23.6,4.8,8.9,.534,1.7,3.8,.445,3.1,5.1,.600,.629,2.4,3.1,.759,1.9,4.6,6.5,1.0,0.6,1.9,0.7,2.7,13.6
59,Brian Bowen\bowenbr02,SF,22,IND,1,0,5.0,1.0,2.0,.500,0.0,0.0,,1.0,2.0,.500,.500,1.0,1.0,1.000,0.0,1.0,1.0,0.0,0.0,0.0,0.0,0.0,3.0
60,Avery Bradley\bradlav01,SG,30,MIA,10,1,21.1,3.1,6.6,.470,1.6,3.8,.421,1.5,2.8,.536,.591,0.7,0.9,.778,0.2,1.6,1.8,1.4,0.7,0.1,0.9,2.6,8.5
61,Tony Bradley\bradlto01,C,23,PHI,12,1,10.6,1.8,3.3,.564,0.0,0.1,.000,1.8,3.2,.579,.564,0.3,0.4,.600,1.8,2.4,4.2,0.5,0.3,0.6,0.1,0.9,3.9
62,Jarrell Brantley\brantja01,PF,24,UTA,10,0,2.8,0.4,1.0,.400,0.3,0.7,.429,0.1,0.3,.333,.550,0.0,0.0,,0.2,0.5,0.7,0.0,0.1,0.1,0.1,0.4,1.1
63,Ignas Brazdeikis\brazdig01,SF,22,NYK,4,0,1.8,0.0,0.3,.000,0.0,0.0,,0.0,0.3,.000,.000,0.5,0.5,1.000,0.3,0.3,0.5,0.3,0.0,0.0,0.3,0.0,0.5
64,Mikal Bridges\bridgmi01,SF,24,PHO,35,35,32.3,4.9,9.4,.524,1.9,4.5,.420,3.0,4.9,.620,.625,2.0,2.3,.841,1.3,3.7,5.1,2.2,0.7,0.9,0.8,1.6,13.7
65,Miles Bridges\bridgmi02,PF,22,CHO,35,2,26.8,3.8,7.7,.491,1.3,3.4,.383,2.5,4.3,.577,.576,1.2,1.3,.932,1.3,4.4,5.7,2.1,0.7,0.7,1.7,2.4,10.0
66,Malcolm Brogdon\brogdma01,PG,28,IND,34,34,35.6,8.1,18.1,.447,2.4,6.4,.378,5.7,11.8,.485,.514,2.6,2.9,.897,0.8,3.9,4.6,6.2,1.2,0.2,2.1,1.9,21.2
67,Dillon Brooks\brookdi01,SF,25,MEM,29,29,29.2,6.1,15.3,.396,1.9,5.8,.320,4.2,9.5,.444,.457,1.9,2.3,.833,1.0,2.2,3.1,2.6,1.4,0.5,2.0,3.3,15.9
68,Bruce Brown\brownbr01,PG,24,BRK,33,20,21.2,3.6,6.1,.590,0.3,1.0,.273,3.3,5.1,.653,.613,1.2,1.6,.717,1.5,3.1,4.7,1.4,0.8,0.3,0.8,2.1,8.6
69,Jaylen Brown\brownja02,SG,24,BOS,33,33,33.8,9.2,18.7,.495,2.3,5.9,.388,6.9,12.7,.545,.557,3.9,5.1,.772,1.1,4.5,5.6,3.9,1.1,0.5,2.8,2.9,24.7
70,Moses Brown\brownmo01,C,21,OKC,7,0,4.4,1.0,1.4,.700,0.0,0.0,,1.0,1.4,.700,.700,1.0,2.0,.500,0.6,1.6,2.1,0.4,0.1,0.6,0.1,0.6,3.0
71,Sterling Brown\brownst02,SG,25,HOU,32,2,22.3,2.7,6.1,.439,1.6,4.0,.402,1.1,2.2,.507,.569,0.4,0.5,.933,0.7,3.5,4.2,1.7,1.0,0.2,0.8,2.0,7.4
72,Troy Brown Jr.\browntr01,SF,21,WAS,17,0,13.6,1.5,4.2,.366,0.6,2.2,.289,0.9,1.9,.455,.444,0.4,0.7,.583,0.5,2.5,3.0,0.8,0.1,0.1,0.7,1.5,4.1
73,Jalen Brunson\brunsja01,PG,24,DAL,30,7,24.9,4.6,8.7,.531,1.3,3.2,.402,3.3,5.5,.606,.605,2.1,2.5,.853,0.2,3.3,3.5,3.4,0.5,0.0,1.3,1.5,12.7
74,Thomas Bryant\bryanth01,C,23,WAS,10,10,27.1,5.9,9.1,.648,0.9,2.1,.429,5.0,7.0,.714,.698,1.6,2.4,.667,1.8,4.3,6.1,1.5,0.4,0.8,1.1,3.1,14.3
75,Reggie Bullock\bullore01,SF,29,NYK,32,32,26.3,3.1,7.6,.406,1.7,4.6,.372,1.4,3.0,.458,.518,0.6,0.8,.833,0.3,3.1,3.4,1.3,0.6,0.2,0.7,2.2,8.5
76,Trey Burke\burketr01,PG,28,DAL,33,0,16.3,2.8,6.2,.449,1.2,3.2,.394,1.5,3.1,.505,.549,0.8,0.9,.871,0.1,0.9,1.0,1.6,0.7,0.1,0.6,1.2,7.6
77,Alec Burks\burksal01,SG,29,NYK,25,3,24.7,3.7,9.1,.405,1.9,4.7,.402,1.8,4.4,.409,.509,1.9,2.2,.839,0.5,3.8,4.3,2.0,0.7,0.2,1.1,1.9,11.1
78,Jimmy Butler\butleji01,SF,31,MIA,22,22,33.1,6.5,14.3,.454,0.4,1.5,.235,6.1,12.8,.480,.467,7.2,8.3,.863,2.0,5.5,7.5,7.8,1.9,0.4,2.3,1.2,20.5
79,Bruno Caboclo\cabocbr01,PF,25,HOU,6,0,6.0,1.3,2.8,.471,0.0,0.8,.000,1.3,2.0,.667,.471,0.2,0.3,.500,0.5,1.8,2.3,0.2,0.0,0.3,0.7,1.0,2.8
80,Devontae Cacok\cacokde01,PF,24,LAL,4,0,4.3,1.0,1.0,1.000,0.0,0.0,,1.0,1.0,1.000,1.000,0.0,0.5,.000,0.3,1.0,1.3,0.0,0.5,0.0,0.5,0.0,2.0
81,Kentavious Caldwell-Pope\caldwke01,SG,27,LAL,33,33,26.2,3.0,6.8,.438,1.5,3.8,.402,1.4,2.9,.485,.551,1.2,1.4,.848,0.5,1.9,2.4,1.4,0.8,0.3,1.0,1.7,8.7
82,Facundo Campazzo\campafa01,PG,29,DEN,30,1,16.3,1.7,4.2,.405,1.1,2.9,.379,0.6,1.3,.462,.536,1.0,1.2,.811,0.2,0.9,1.0,2.1,1.0,0.2,0.8,1.9,5.5
83,Vlatko Čančar\cancavl01,PF,23,DEN,20,0,6.1,0.6,1.4,.393,0.2,0.7,.214,0.4,0.7,.571,.446,0.3,0.3,.833,0.2,1.2,1.4,0.3,0.4,0.1,0.5,0.6,1.5
84,Clint Capela\capelca01,C,26,ATL,32,32,29.7,6.5,11.0,.589,0.0,0.0,,6.5,11.0,.589,.589,1.7,3.1,.550,5.0,9.2,14.2,0.9,0.8,2.2,1.4,2.3,14.7
85,Vernon Carey Jr.\careyve01,C,19,CHO,3,0,2.0,0.3,1.0,.333,0.0,0.3,.000,0.3,0.7,.500,.333,0.3,0.7,.500,0.7,0.3,1.0,0.3,0.0,0.3,0.0,0.0,1.0
86,Jevon Carter\carteje01,PG,25,PHO,29,0,10.0,1.0,2.9,.357,0.6,2.0,.298,0.4,0.9,.481,.458,0.1,0.1,1.000,0.1,1.2,1.3,1.2,0.4,0.2,0.2,1.1,2.7
87,Wendell Carter Jr.\cartewe01,C,21,CHI,23,23,26.9,4.6,8.6,.535,0.3,0.9,.350,4.3,7.7,.556,.553,2.7,3.7,.733,2.1,5.7,7.8,2.3,0.7,0.8,1.9,3.2,12.3
88,Michael Carter-Williams\cartemi01,SG,29,ORL,17,12,26.5,3.4,8.5,.403,0.5,1.8,.258,2.9,6.6,.442,.431,1.7,2.2,.763,1.6,3.2,4.8,4.1,0.6,0.5,1.9,2.9,9.0
89,Alex Caruso\carusal01,PG,26,LAL,29,0,19.9,2.1,5.0,.428,1.0,2.4,.400,1.2,2.6,.453,.524,0.6,0.8,.696,0.6,2.2,2.8,2.4,1.0,0.2,1.1,1.8,5.8
90,Willie Cauley-Stein\caulewi01,C,27,DAL,31,10,17.3,2.3,3.6,.625,0.0,0.2,.167,2.2,3.4,.651,.629,1.0,1.5,.646,1.3,3.3,4.5,0.8,0.3,0.7,0.5,2.4,5.5
91,Chris Chiozza\chiozch01,PG,25,BRK,15,0,9.1,1.1,3.1,.362,0.6,1.5,.391,0.5,1.6,.333,.457,0.7,0.9,.769,0.2,0.9,1.1,2.4,0.3,0.3,0.7,0.7,3.5
92,Marquese Chriss\chrisma01,PF,23,GSW,2,0,13.5,2.5,7.0,.357,0.5,2.5,.200,2.0,4.5,.444,.393,1.0,2.0,.500,1.5,5.0,6.5,1.0,0.0,1.0,1.0,1.5,6.5
93,Gary Clark\clarkga01,SF,26,ORL,30,11,19.1,1.1,3.7,.295,0.9,3.2,.274,0.2,0.6,.412,.411,0.3,0.3,.889,1.0,2.2,3.2,0.8,0.4,0.2,0.5,1.0,3.3
94,Brandon Clarke\clarkbr01,PF,24,MEM,27,16,26.9,5.2,10.1,.515,0.6,1.7,.326,4.6,8.4,.553,.542,1.3,2.0,.660,1.6,4.1,5.7,1.6,1.2,0.6,0.6,1.6,12.2
95,Jordan Clarkson\clarkjo01,SG,28,UTA,36,0,26.0,6.6,14.7,.447,3.2,8.6,.370,3.4,6.2,.554,.555,1.6,1.7,.967,0.9,3.1,4.0,2.3,0.9,0.2,1.7,1.5,17.9
96,Nicolas Claxton\claxtni01,C,21,BRK,5,0,15.2,4.0,5.8,.690,0.0,0.2,.000,4.0,5.6,.714,.690,2.0,2.8,.714,0.8,2.6,3.4,1.0,1.0,1.4,0.4,1.6,10.0
97,Amir Coffey\coffeam01,SG,23,LAC,20,0,7.7,1.1,2.0,.525,0.6,1.1,.524,0.5,1.0,.526,.663,0.2,0.5,.333,0.2,0.6,0.8,0.4,0.2,0.0,0.4,0.6,2.8
98,John Collins\collijo01,PF,23,ATL,36,36,30.7,7.0,13.1,.536,1.4,3.6,.388,5.6,9.5,.592,.589,2.6,3.0,.853,2.1,5.5,7.6,1.4,0.4,1.0,1.3,3.3,18.0
99,Mike Conley\conlemi01,PG,33,UTA,29,29,29.4,5.6,12.5,.444,2.8,6.6,.422,2.8,5.9,.468,.555,2.2,2.6,.829,1.0,2.5,3.5,5.7,1.4,0.1,1.9,1.9,16.1
100,Pat Connaughton\connapa01,SG,28,MIL,33,0,21.1,2.4,5.3,.443,1.4,3.5,.393,1.0,1.8,.542,.574,0.4,0.5,.824,0.9,3.3,4.3,1.4,0.7,0.5,0.4,1.6,6.5
101,Quinn Cook\cookqu01,PG,27,LAL,16,0,3.9,0.8,1.6,.462,0.3,0.8,.385,0.4,0.8,.538,.558,0.3,0.3,.800,0.0,0.3,0.3,0.3,0.1,0.1,0.2,0.1,2.1
102,Tyler Cook\cookty01,PF,23,BRK,4,0,4.3,0.3,0.8,.333,0.0,0.0,,0.3,0.8,.333,.333,0.0,0.0,,0.3,0.3,0.5,0.5,0.0,0.0,0.3,0.5,0.5
103,DeMarcus Cousins\couside01,C,30,HOU,25,11,20.2,3.2,8.4,.376,1.6,4.6,.336,1.6,3.8,.426,.469,1.8,2.4,.746,1.2,6.4,7.6,2.4,0.8,0.7,1.6,3.0,9.6
104,Robert Covington\covinro01,PF,30,POR,33,33,31.9,2.8,7.4,.374,1.7,5.2,.333,1.0,2.2,.472,.492,0.7,0.8,.821,0.8,5.8,6.6,1.7,1.6,1.2,1.2,2.6,7.9
105,Torrey Craig\craigto01,SF,30,MIL,17,0,11.4,1.0,2.5,.395,0.5,1.2,.381,0.5,1.3,.409,.488,0.1,0.1,.500,0.8,1.7,2.5,0.8,0.5,0.4,0.3,1.4,2.5
106,Jae Crowder\crowdja01,PF,30,PHO,32,19,27.6,3.4,8.5,.402,2.4,6.4,.376,1.0,2.1,.485,.544,0.9,1.1,.829,0.4,4.6,5.0,2.1,0.8,0.3,0.9,1.8,10.1
107,Jarrett Culver\culveja01,SG,21,MIN,19,7,19.8,2.8,6.7,.422,0.4,1.8,.229,2.4,4.9,.495,.453,1.1,1.8,.600,1.6,3.2,4.7,0.8,0.6,0.4,1.2,2.1,7.2
108,Seth Curry\curryse01,SG,30,PHI,28,28,29.9,4.4,9.4,.469,2.0,4.5,.448,2.4,4.9,.489,.576,1.7,1.9,.923,0.2,1.8,2.0,2.8,0.9,0.3,1.5,1.7,12.5
109,Stephen Curry\curryst01,PG,32,GSW,35,35,34.1,9.8,20.5,.478,4.8,11.7,.411,5.0,8.8,.567,.595,5.3,5.6,.934,0.5,5.0,5.5,6.3,1.3,0.1,3.2,1.8,29.7
110,Anthony Davis\davisan02,PF,27,LAL,23,23,32.8,8.9,16.7,.533,0.7,2.5,.293,8.1,14.1,.575,.555,4.0,5.7,.715,2.0,6.3,8.4,3.0,1.3,1.8,2.0,1.8,22.5
111,Ed Davis\davised01,C,31,MIN,19,7,13.9,0.9,2.3,.419,0.0,0.0,,0.9,2.3,.419,.419,0.4,0.4,.875,2.0,3.1,5.1,1.0,0.5,0.5,0.3,2.6,2.3
112,Terence Davis\daviste02,SG,23,TOR,30,3,14.7,2.6,6.2,.422,1.3,3.7,.364,1.3,2.6,.506,.529,0.5,0.6,.889,0.3,1.6,1.9,1.1,0.5,0.2,0.8,1.5,7.1
113,DeMar DeRozan\derozde01,PF,31,SAS,29,29,33.8,6.7,13.8,.484,0.6,1.8,.308,6.1,12.0,.510,.504,6.0,6.8,.893,0.8,4.1,4.9,7.2,0.9,0.3,1.7,1.9,20.0
114,Hamidou Diallo\diallha01,SG,22,OKC,32,5,23.8,4.5,9.3,.481,0.4,1.3,.293,4.1,8.0,.512,.502,2.6,4.1,.629,1.2,4.0,5.2,2.4,1.0,0.4,1.5,2.6,11.9
115,Gorgui Dieng\dienggo01,C,31,MEM,22,1,16.9,2.5,4.9,.519,1.0,2.2,.479,1.5,2.7,.550,.625,1.7,2.0,.884,1.3,3.2,4.5,1.3,0.8,0.6,1.0,1.7,7.9
116,Spencer Dinwiddie\dinwisp01,SG,27,BRK,3,3,21.3,2.0,5.3,.375,0.7,2.3,.286,1.3,3.0,.444,.438,2.0,2.0,1.000,0.0,4.3,4.3,3.0,0.7,0.3,1.7,1.3,6.7
117,Donte DiVincenzo\divindo01,SG,24,MIL,36,36,26.7,3.9,9.3,.418,1.9,4.9,.384,2.0,4.4,.456,.519,0.6,0.9,.636,1.2,3.5,4.7,3.0,1.1,0.2,1.2,1.5,10.3
118,Luka Dončić\doncilu01,PG,21,DAL,32,32,35.2,10.0,20.9,.478,2.7,7.4,.357,7.3,13.4,.544,.541,6.0,8.0,.757,0.8,7.6,8.4,9.0,1.0,0.7,4.2,2.0,28.6
119,Luguentz Dort\dortlu01,SG,21,OKC,35,35,29.7,4.3,11.0,.388,1.9,6.0,.325,2.3,5.0,.463,.477,1.9,2.5,.750,0.7,2.8,3.5,1.5,0.9,0.3,1.5,2.4,12.3
120,Damyean Dotson\dotsoda01,SG,26,CLE,30,6,18.8,2.6,6.6,.401,1.0,3.5,.279,1.7,3.1,.538,.475,0.6,0.9,.692,0.1,1.6,1.8,2.2,0.4,0.1,0.8,0.9,6.8
121,Devon Dotson\dotsode01,PG,21,CHI,1,0,10.0,2.0,4.0,.500,0.0,0.0,,2.0,4.0,.500,.500,0.0,0.0,,0.0,1.0,1.0,0.0,0.0,0.0,0.0,1.0,4.0
122,Sekou Doumbouya\doumbse01,PF,20,DET,32,2,13.7,1.6,4.4,.355,0.5,1.9,.250,1.1,2.5,.432,.408,0.6,0.8,.731,0.5,1.8,2.3,0.7,0.4,0.1,0.6,1.6,4.2
123,PJ Dozier\doziepj01,SG,24,DEN,21,0,19.4,2.8,6.0,.457,1.0,2.4,.392,1.8,3.6,.500,.535,1.1,1.8,.605,0.9,3.0,3.9,1.7,0.5,0.6,0.8,1.7,7.6
124,Goran Dragić\dragigo01,PG,34,MIA,22,8,27.1,5.3,11.5,.458,1.6,4.4,.361,3.7,7.1,.519,.528,2.6,3.1,.841,0.3,2.8,3.1,4.8,0.6,0.2,2.8,2.6,14.8
125,Andre Drummond\drumman01,C,27,CLE,25,25,28.9,7.2,15.2,.474,0.0,0.3,.000,7.2,14.9,.484,.474,3.1,5.2,.597,4.0,9.4,13.5,2.6,1.6,1.2,3.2,2.8,17.5
126,Jared Dudley\dudleja01,PF,35,LAL,11,0,6.9,0.2,0.6,.286,0.2,0.5,.400,0.0,0.2,.000,.429,0.0,0.0,,0.4,1.4,1.7,0.5,0.1,0.1,0.2,0.6,0.5
127,Kevin Durant\duranke01,PF,32,BRK,19,18,35.7,9.9,18.9,.524,2.6,5.9,.434,7.3,12.9,.565,.592,6.6,7.6,.869,0.4,6.9,7.3,5.3,0.7,1.4,3.5,2.3,29.0
128,Anthony Edwards\edwaran01,SG,19,MIN,36,19,29.1,5.5,14.9,.371,1.9,6.3,.302,3.6,8.7,.420,.434,1.9,2.4,.805,0.7,3.3,4.0,2.5,0.9,0.4,1.8,1.5,14.9
129,Carsen Edwards\edwarca01,SG,22,BOS,14,1,10.5,2.1,4.5,.460,0.8,2.4,.324,1.3,2.1,.621,.548,0.5,0.6,.778,0.1,0.9,1.0,0.4,0.3,0.1,0.1,1.1,5.4
130,CJ Elleby\ellebcj01,SF,20,POR,13,0,8.1,1.1,2.4,.452,0.4,1.5,.263,0.7,0.9,.750,.532,0.5,0.7,.667,0.3,0.8,1.1,0.2,0.3,0.2,0.2,1.4,3.0
131,Wayne Ellington\ellinwa01,SG,33,DET,28,24,23.2,3.7,8.1,.454,2.8,6.4,.433,0.9,1.8,.531,.623,0.7,1.0,.741,0.3,1.4,1.7,1.4,0.5,0.2,0.7,1.5,10.8
132,Joel Embiid\embiijo01,C,26,PHI,30,30,33.0,9.5,18.2,.521,1.2,3.0,.416,8.3,15.3,.541,.555,9.9,11.6,.856,2.2,9.4,11.6,3.3,1.2,1.4,3.2,2.5,30.2
133,James Ennis\ennisja01,SF,30,ORL,24,23,21.4,2.5,5.0,.500,0.9,2.0,.447,1.6,3.0,.534,.588,1.4,1.8,.786,1.1,2.8,3.9,1.3,0.8,0.3,0.9,2.2,7.3
134,Drew Eubanks\eubandr01,C,23,SAS,15,0,12.0,1.4,3.4,.412,0.0,0.0,,1.4,3.4,.412,.412,0.9,1.3,.700,0.6,2.5,3.1,0.6,0.1,1.1,0.5,1.3,3.7
135,Dante Exum\exumda01,SG,25,CLE,6,3,19.3,1.7,4.3,.385,0.3,1.8,.182,1.3,2.5,.533,.423,0.2,0.3,.500,0.3,2.5,2.8,2.2,0.7,0.3,1.2,1.5,3.8
136,Tacko Fall\fallta01,C,25,BOS,8,0,7.1,1.1,1.6,.692,0.0,0.0,,1.1,1.6,.692,.692,0.4,1.0,.375,1.0,1.6,2.6,0.1,0.0,1.3,0.1,1.3,2.6
137,Derrick Favors\favorde01,C,29,UTA,34,0,16.2,2.5,3.9,.649,0.0,0.0,.000,2.5,3.8,.654,.649,1.3,1.7,.789,1.9,3.6,5.5,0.8,0.5,0.9,0.6,2.4,6.3
138,Cristiano Felício\feliccr01,C,28,CHI,6,0,6.3,0.5,0.7,.750,0.0,0.0,,0.5,0.7,.750,.750,0.8,1.3,.625,1.0,1.0,2.0,0.8,0.3,0.0,0.5,0.5,1.8
139,Terrance Ferguson\fergute01,SG,22,PHI,9,0,3.8,0.1,0.6,.200,0.0,0.3,.000,0.1,0.2,.500,.200,0.0,0.0,,0.0,0.1,0.1,0.2,0.0,0.0,0.3,0.6,0.2
140,Bruno Fernando\fernabr01,C,22,ATL,18,0,8.4,0.6,1.4,.440,0.0,0.1,.000,0.6,1.3,.478,.440,0.5,0.8,.600,0.7,2.6,3.3,0.5,0.1,0.1,0.8,0.9,1.7
141,Yogi Ferrell\ferreyo01,PG,27,CLE,2,0,20.0,4.0,10.5,.381,1.5,4.5,.333,2.5,6.0,.417,.452,0.0,1.0,.000,1.5,2.0,3.5,2.5,1.5,0.5,1.5,2.0,9.5
142,Dorian Finney-Smith\finnedo01,PF,27,DAL,25,25,31.5,3.1,7.2,.428,1.6,4.8,.345,1.4,2.4,.590,.542,0.4,0.5,.833,1.4,3.7,5.1,1.4,1.0,0.4,0.6,2.7,8.2
143,Malachi Flynn\flynnma01,PG,22,TOR,15,0,8.3,0.8,3.0,.267,0.3,1.7,.192,0.5,1.3,.368,.322,0.3,0.4,.667,0.1,0.7,0.7,1.1,0.3,0.0,0.3,0.8,2.2
144,Bryn Forbes\forbebr01,SG,27,MIL,36,6,18.8,3.4,7.2,.467,2.0,4.5,.448,1.3,2.7,.500,.608,0.6,0.8,.741,0.2,1.1,1.3,0.6,0.2,0.0,0.5,1.1,9.3
145,Trent Forrest\forretr01,PG,22,UTA,7,0,2.9,0.0,0.4,.000,0.0,0.3,.000,0.0,0.1,.000,.000,0.3,0.3,1.000,0.0,0.3,0.3,0.6,0.3,0.0,0.1,0.3,0.3
146,Evan Fournier\fournev01,SF,28,ORL,21,21,29.2,6.0,13.4,.450,2.5,6.7,.371,3.6,6.8,.528,.543,4.0,5.0,.790,0.2,2.9,3.1,3.8,1.0,0.3,2.1,2.0,18.5
147,De'Aaron Fox\foxde01,PG,23,SAC,35,35,34.2,8.4,18.0,.466,1.8,5.3,.342,6.5,12.6,.518,.517,4.5,6.6,.672,0.7,2.6,3.2,7.6,1.2,0.5,3.3,2.9,23.0
148,Tim Frazier\fraziti01,PG,30,MEM,3,0,11.0,0.7,2.7,.250,0.0,0.7,.000,0.7,2.0,.333,.250,0.0,0.0,,0.0,1.3,1.3,2.3,0.3,0.0,1.0,1.3,1.3
149,Markelle Fultz\fultzma01,PG,22,ORL,8,8,26.9,5.1,13.0,.394,0.5,2.0,.250,4.6,11.0,.420,.413,2.1,2.4,.895,0.6,2.5,3.1,5.4,1.0,0.3,2.3,2.3,12.9
150,Wenyen Gabriel\gabriwe01,PF,23,NOP,4,0,3.0,0.0,0.8,.000,0.0,0.3,.000,0.0,0.5,.000,.000,0.0,0.0,,0.3,1.0,1.3,0.3,0.0,0.0,0.0,0.0,0.0
151,Daniel Gafford\gaffoda01,PF,22,CHI,26,11,13.2,1.9,2.9,.667,0.0,0.0,,1.9,2.9,.667,.667,1.0,1.5,.667,1.3,1.8,3.2,0.6,0.4,1.2,0.7,1.8,4.8
152,Danilo Gallinari\gallida01,PF,32,ATL,24,2,21.9,3.4,8.6,.391,2.0,5.0,.388,1.4,3.6,.395,.505,3.0,3.2,.934,0.2,3.2,3.4,1.5,0.5,0.1,1.1,1.9,11.7
153,Langston Galloway\gallola01,SG,29,PHO,25,0,10.5,1.5,3.3,.463,0.8,1.8,.457,0.7,1.4,.472,.591,0.6,0.6,1.000,0.2,0.9,1.0,0.6,0.2,0.0,0.3,0.6,4.5
154,Darius Garland\garlada01,PG,21,CLE,28,25,32.9,6.4,14.5,.440,1.7,4.5,.384,4.7,10.1,.465,.499,1.6,1.9,.849,0.5,1.8,2.2,5.9,1.2,0.1,2.9,2.2,16.1
155,Marc Gasol\gasolma01,C,36,LAL,35,35,20.1,1.5,3.8,.403,0.9,2.4,.365,0.7,1.4,.469,.519,0.8,1.0,.806,0.7,3.4,4.1,2.0,0.5,1.3,0.9,2.3,4.8
156,Rudy Gay\gayru01,PF,34,SAS,26,0,22.0,4.2,9.9,.419,1.6,4.3,.366,2.6,5.6,.459,.498,1.3,1.7,.767,0.9,4.3,5.2,1.5,0.7,0.5,1.2,1.8,11.2
157,Paul George\georgpa01,SF,30,LAC,27,27,33.5,8.3,16.7,.499,3.5,7.8,.450,4.8,8.9,.542,.604,3.5,4.0,.888,0.9,5.2,6.1,5.4,1.1,0.5,3.4,2.3,23.7
158,Taj Gibson\gibsota01,PF,35,NYK,12,0,15.1,1.5,2.6,.581,0.2,0.6,.286,1.3,2.0,.667,.613,0.6,1.0,.583,1.5,2.8,4.3,0.5,0.4,0.3,0.6,1.9,3.8
159,Harry Giles\gilesha01,C,22,POR,22,0,11.8,1.2,2.8,.419,0.1,0.4,.375,1.0,2.5,.426,.444,0.6,0.8,.722,1.1,3.8,4.9,0.9,0.2,0.4,0.7,2.0,3.1
160,Shai Gilgeous-Alexander\gilgesh01,SG,22,OKC,30,30,34.0,8.0,15.6,.511,2.0,4.9,.412,5.9,10.7,.556,.576,5.3,6.6,.794,0.6,4.5,5.1,6.2,0.8,0.7,2.9,2.0,23.2
161,Anthony Gill\gillan01,PF,28,WAS,12,1,5.6,0.3,0.8,.300,0.1,0.6,.143,0.2,0.3,.667,.350,0.3,0.3,.750,0.3,1.3,1.6,0.3,0.3,0.2,0.3,0.3,0.8
162,Rudy Gobert\goberru01,C,28,UTA,36,36,30.7,5.4,8.5,.641,0.0,0.0,.000,5.4,8.5,.643,.641,3.3,5.5,.599,3.3,9.8,13.1,1.3,0.5,2.7,1.8,2.3,14.2
163,Brandon Goodwin\goodwbr01,PG,25,ATL,24,0,12.0,1.5,4.4,.330,0.6,2.2,.283,0.8,2.2,.377,.401,0.7,1.0,.708,0.1,1.0,1.1,1.8,0.4,0.0,0.5,1.0,4.3
164,Aaron Gordon\gordoaa01,PF,25,ORL,19,19,29.1,4.8,11.2,.427,1.6,4.4,.369,3.2,6.8,.465,.500,2.6,4.2,.613,1.7,5.5,7.2,4.2,0.7,0.8,2.8,2.0,13.8
165,Eric Gordon\gordoer01,SG,32,HOU,26,12,29.3,5.9,13.5,.437,2.5,7.7,.328,3.3,5.7,.584,.531,3.5,4.2,.836,0.3,1.9,2.2,2.7,0.5,0.5,1.9,1.6,17.8
166,Devonte' Graham\grahade01,PG,25,CHO,25,25,32.8,4.4,12.4,.352,2.8,8.1,.347,1.6,4.3,.361,.465,2.2,2.8,.775,0.6,2.4,3.0,5.7,1.0,0.0,1.4,1.5,13.7
167,Jerami Grant\grantje01,SF,26,DET,33,33,36.2,7.7,17.8,.433,2.5,6.8,.363,5.2,11.0,.477,.503,5.6,6.3,.889,0.7,4.6,5.3,2.9,0.8,1.1,1.9,2.7,23.4
168,Danny Green\greenda02,SF,33,PHI,36,36,28.3,2.9,7.5,.393,2.2,5.9,.376,0.7,1.6,.456,.541,0.4,0.6,.650,0.9,2.7,3.6,1.7,1.3,0.8,1.3,1.8,8.5
169,Draymond Green\greendr01,PF,30,GSW,31,31,29.6,2.2,5.6,.391,0.5,1.9,.237,1.7,3.7,.470,.431,0.9,1.2,.711,0.7,5.3,6.1,8.6,1.4,0.7,2.7,3.2,5.7
170,JaMychal Green\greenja01,PF,30,DEN,25,4,20.5,3.2,7.2,.444,1.6,3.8,.427,1.6,3.4,.464,.558,1.1,1.3,.844,1.6,4.4,6.0,1.0,0.6,0.3,1.0,2.7,9.1
171,Javonte Green\greenja02,SG,27,BOS,22,2,15.0,1.8,3.2,.549,0.3,1.0,.318,1.5,2.2,.653,.599,0.9,1.4,.667,0.9,1.4,2.3,0.5,0.8,0.1,0.5,1.3,4.8
172,Jeff Green\greenje02,C,34,BRK,33,16,26.4,3.4,6.8,.507,1.5,3.5,.422,1.9,3.2,.598,.617,1.2,1.5,.796,0.5,3.1,3.6,1.4,0.7,0.2,0.8,1.9,9.5
173,Josh Green\greenjo02,SG,20,DAL,17,5,12.5,1.0,2.1,.472,0.1,0.7,.167,0.9,1.4,.625,.500,0.4,0.6,.545,0.7,1.6,2.3,0.6,0.2,0.1,0.6,0.9,2.5
174,Blake Griffin\griffbl01,PF,31,DET,20,20,31.3,4.1,11.1,.365,2.0,6.2,.315,2.1,4.9,.429,.453,2.2,3.1,.710,0.4,4.9,5.2,3.9,0.7,0.1,1.6,2.1,12.3
175,Kyle Guy\guyky01,PG,23,SAC,14,0,8.2,1.0,3.1,.318,0.4,1.7,.250,0.6,1.4,.400,.386,0.5,0.6,.875,0.2,0.8,1.0,1.1,0.3,0.0,0.2,0.6,2.9
176,Rui Hachimura\hachiru01,PF,22,WAS,27,27,30.1,4.5,9.9,.457,0.8,2.6,.304,3.7,7.3,.510,.496,2.7,3.5,.758,1.1,4.4,5.4,1.7,0.7,0.1,1.0,2.3,12.5
177,Ashton Hagans\haganas01,PG,21,MIN,2,0,2.0,0.0,0.0,,0.0,0.0,,0.0,0.0,,,0.0,0.0,,0.0,0.0,0.0,0.0,0.0,0.0,0.5,0.0,0.0
178,Tyrese Haliburton\halibty01,PG,20,SAC,30,2,30.1,5.1,10.3,.494,2.4,5.5,.433,2.7,4.9,.562,.608,0.7,0.8,.833,1.0,2.6,3.6,5.4,1.4,0.6,1.5,1.2,13.2
179,Josh Hall\halljo01,SF,20,OKC,7,0,7.3,0.6,2.6,.222,0.1,1.1,.125,0.4,1.4,.300,.250,0.4,1.0,.429,0.1,1.1,1.3,1.0,0.0,0.0,0.6,1.0,1.7
180,R.J. Hampton\hamptrj01,PG,19,DEN,24,0,9.2,1.0,2.4,.414,0.2,0.8,.278,0.8,1.7,.475,.457,0.3,0.4,.700,0.4,1.5,2.0,0.5,0.2,0.1,0.5,0.9,2.5
181,Tim Hardaway Jr.\hardati02,SG,28,DAL,33,17,29.5,5.8,13.2,.438,2.9,7.6,.385,2.8,5.5,.511,.550,2.0,2.5,.802,0.4,2.8,3.2,1.7,0.6,0.2,0.9,1.5,16.4
182,James Harden\hardeja01,PG-SG,31,TOT,31,31,37.8,8.1,16.7,.484,3.3,8.1,.401,4.8,8.5,.562,.581,5.9,6.9,.859,0.8,7.0,7.8,11.1,1.2,0.7,4.2,2.2,25.3
182,James Harden\hardeja01,SG,31,HOU,8,8,36.3,7.5,16.9,.444,3.1,9.0,.347,4.4,7.9,.556,.537,6.6,7.5,.883,0.6,4.5,5.1,10.4,0.9,0.8,4.3,1.8,24.8
182,James Harden\hardeja01,PG,31,BRK,23,23,38.4,8.3,16.6,.497,3.3,7.8,.422,5.0,8.8,.564,.597,5.7,6.7,.850,0.9,7.8,8.7,11.4,1.3,0.7,4.2,2.3,25.5
183,Maurice Harkless\harklma01,SF,27,MIA,10,3,10.9,0.4,1.0,.400,0.4,0.8,.500,0.0,0.2,.000,.600,0.0,0.2,.000,0.1,0.8,0.9,0.7,0.2,0.3,0.2,1.2,1.2
184,Jared Harper\harpeja01,PG,23,NYK,2,0,2.5,0.0,0.5,.000,0.0,0.0,,0.0,0.5,.000,.000,1.0,1.0,1.000,0.0,0.0,0.0,0.0,0.0,0.0,1.0,0.0,1.0
185,Montrezl Harrell\harremo01,C,27,LAL,37,1,24.1,5.6,9.0,.626,0.0,0.2,.000,5.6,8.9,.637,.626,2.5,3.3,.756,2.4,4.0,6.4,1.1,0.6,0.7,1.1,2.1,13.8
186,Gary Harris\harriga01,SG,26,DEN,19,19,30.6,3.6,8.2,.442,1.3,3.9,.320,2.4,4.3,.556,.519,1.2,1.6,.733,0.7,1.8,2.5,1.7,0.9,0.2,0.7,1.9,9.7
187,Jalen Harris\harrija01,SG,22,TOR,2,0,2.0,0.0,0.0,,0.0,0.0,,0.0,0.0,,,0.0,0.0,,0.5,0.0,0.5,0.0,0.0,0.0,0.5,1.0,0.0
188,Joe Harris\harrijo01,SF,29,BRK,37,33,30.9,5.4,10.2,.530,3.4,6.7,.506,2.0,3.5,.577,.697,0.6,0.8,.700,0.5,3.0,3.5,1.8,0.5,0.2,0.8,2.2,14.8
189,Tobias Harris\harrito02,PF,28,PHI,31,31,34.4,7.8,15.2,.513,1.6,4.1,.402,6.1,11.1,.554,.567,3.0,3.4,.887,1.2,6.4,7.6,3.4,0.8,0.8,1.9,2.1,20.2
190,Shaquille Harrison\harrish01,SG,27,UTA,17,0,3.3,0.4,1.2,.300,0.0,0.1,.000,0.4,1.1,.333,.300,0.3,0.4,.833,0.2,0.4,0.5,0.5,0.1,0.0,0.3,0.2,1.0
191,Josh Hart\hartjo01,SF,25,NOP,36,3,28.7,3.2,7.1,.447,1.4,4.1,.333,1.8,3.0,.602,.543,1.5,1.9,.757,1.1,6.3,7.3,2.1,0.8,0.3,0.8,2.4,9.2
192,Isaiah Hartenstein\harteis01,C,22,DEN,26,0,9.3,1.5,2.9,.513,0.0,0.0,,1.5,2.9,.513,.513,0.8,1.3,.588,1.4,1.4,2.8,0.5,0.4,0.6,0.7,2.0,3.8
193,Jaxson Hayes\hayesja02,C,20,NOP,25,1,12.4,1.8,2.7,.676,0.0,0.0,,1.8,2.7,.676,.676,0.8,1.2,.655,1.2,2.3,3.6,0.4,0.4,0.5,0.6,1.8,4.4
194,Killian Hayes\hayeski01,PG,19,DET,7,7,21.1,1.9,6.7,.277,0.7,2.9,.250,1.1,3.9,.296,.330,0.1,0.3,.500,0.1,1.0,1.1,3.6,0.3,0.0,2.4,2.1,4.6
195,Gordon Hayward\haywago01,SF,30,CHO,31,31,34.8,7.9,16.2,.487,2.1,5.1,.405,5.8,11.1,.525,.551,3.7,4.3,.857,0.9,4.5,5.4,3.9,1.3,0.4,2.0,1.8,21.5
196,Juan Hernangómez\hernaju01,PF,25,MIN,17,6,15.9,2.1,5.3,.400,0.9,3.1,.302,1.2,2.2,.541,.489,0.8,1.1,.684,0.8,3.6,4.4,0.6,0.4,0.1,0.4,0.8,5.9
197,Willy Hernangómez\hernawi01,C,26,NOP,20,2,18.0,3.0,5.5,.545,0.1,0.3,.200,3.0,5.3,.562,.550,1.2,1.8,.667,2.7,4.3,7.0,1.3,0.4,0.5,0.6,1.4,7.3
198,Tyler Herro\herroty01,SG,21,MIA,25,14,32.7,6.0,13.8,.438,2.0,5.8,.347,4.0,8.0,.502,.510,1.8,2.3,.772,0.4,5.3,5.7,3.6,0.6,0.4,2.4,1.6,15.8
199,Buddy Hield\hieldbu01,SG,28,SAC,36,36,34.8,5.5,14.1,.391,3.9,10.3,.378,1.6,3.8,.423,.529,1.5,1.8,.844,0.3,4.2,4.5,3.2,0.8,0.3,1.8,2.7,16.4
200,George Hill\hillge01,PG,34,OKC,14,14,26.4,4.4,8.6,.508,1.6,4.1,.386,2.8,4.5,.619,.600,1.5,1.8,.840,0.6,1.5,2.1,3.1,0.9,0.1,0.9,0.9,11.8
201,Solomon Hill\hillso01,PF,29,ATL,36,1,19.1,1.5,4.1,.356,1.0,3.1,.318,0.5,1.1,.462,.473,0.4,0.5,.882,0.5,1.8,2.3,0.9,0.7,0.2,0.6,1.6,4.3
202,Nate Hinton\hintona01,SG,21,DAL,6,0,3.2,0.5,2.2,.231,0.2,0.8,.200,0.3,1.3,.250,.269,0.2,0.3,.500,0.0,0.0,0.0,0.0,0.2,0.2,0.3,0.2,1.3
203,Aaron Holiday\holidaa01,PG,24,IND,35,6,19.1,2.7,7.3,.371,1.1,3.1,.352,1.6,4.2,.385,.445,0.8,1.1,.725,0.2,1.1,1.3,1.8,0.6,0.1,0.8,1.8,7.3
204,Jrue Holiday\holidjr01,PG,30,MIL,26,23,31.0,6.1,12.5,.491,1.7,4.7,.364,4.4,7.8,.567,.559,1.4,1.8,.766,1.2,3.2,4.3,5.1,1.8,0.5,1.6,1.7,15.3
205,Justin Holiday\holidju01,SG,31,IND,35,26,32.3,4.0,8.7,.459,2.5,6.1,.414,1.4,2.5,.568,.606,1.2,1.4,.820,0.6,3.3,4.0,1.7,1.2,0.4,0.8,2.2,11.7
206,Richaun Holmes\holmeri01,C,27,SAC,32,32,29.4,5.6,8.6,.651,0.0,0.2,.167,5.6,8.4,.662,.653,1.8,2.3,.806,2.5,5.8,8.3,1.7,0.7,1.5,1.3,4.0,13.0
207,Rodney Hood\hoodro01,SF,28,POR,30,5,19.2,2.1,5.6,.369,0.7,2.2,.299,1.4,3.4,.416,.429,0.2,0.3,.625,0.3,1.4,1.7,1.1,0.6,0.1,0.8,1.4,5.0
208,Al Horford\horfoal01,C,34,OKC,24,24,28.2,5.8,13.0,.442,2.0,5.5,.356,3.8,7.5,.506,.518,0.6,0.8,.778,1.0,5.7,6.7,3.5,0.9,0.9,1.1,1.8,14.0
209,Talen Horton-Tucker\hortota01,SG,20,LAL,33,1,17.5,2.8,6.5,.441,0.5,1.9,.286,2.3,4.5,.507,.484,1.0,1.2,.821,0.3,2.1,2.4,2.0,0.8,0.6,1.3,2.1,7.2
210,Danuel House\houseda01,SF,27,HOU,22,12,27.4,3.1,8.4,.375,1.5,5.0,.312,1.6,3.4,.467,.467,1.3,1.7,.757,0.7,3.2,4.0,1.9,0.6,0.5,1.0,2.0,9.1
211,Dwight Howard\howardw01,C,35,PHI,36,4,15.9,2.3,3.8,.587,0.1,0.3,.364,2.1,3.5,.606,.601,1.5,2.8,.530,2.5,4.8,7.3,0.8,0.4,0.9,1.7,2.9,6.1
212,Markus Howard\howarma02,SG,21,DEN,17,0,3.2,0.4,1.8,.194,0.2,1.3,.136,0.2,0.5,.333,.242,0.1,0.1,.500,0.0,0.3,0.3,0.4,0.1,0.0,0.2,0.4,0.9
213,Kevin Huerter\huertke01,SG,22,ATL,36,25,32.1,4.6,10.8,.426,2.1,5.9,.365,2.4,4.9,.500,.526,0.8,0.9,.824,0.7,2.9,3.6,3.7,1.3,0.2,1.3,2.4,12.1
214,Elijah Hughes\hugheel01,SF,22,UTA,6,0,4.5,0.8,2.5,.333,0.5,1.7,.300,0.3,0.8,.400,.433,0.5,0.7,.750,0.0,0.7,0.7,0.5,0.2,0.2,0.7,0.0,2.7
215,De'Andre Hunter\huntede01,SF,23,ATL,18,18,32.2,6.0,11.7,.514,1.7,4.6,.366,4.3,7.1,.609,.586,3.6,4.1,.877,0.9,4.5,5.4,2.2,0.9,0.5,1.4,2.6,17.2
216,Chandler Hutchison\hutchch01,SF,24,CHI,7,0,9.1,0.7,2.6,.278,0.1,0.4,.333,0.6,2.1,.267,.306,0.3,0.3,1.000,0.1,2.7,2.9,0.6,0.1,0.0,0.7,1.3,1.9
217,Serge Ibaka\ibakase01,C,31,LAC,37,37,24.0,4.6,9.0,.508,1.0,2.8,.356,3.6,6.2,.576,.563,1.0,1.2,.818,1.7,5.0,6.6,1.8,0.2,1.2,1.1,2.0,11.1
218,Andre Iguodala\iguodan01,SF,37,MIA,34,2,21.6,1.7,4.3,.388,1.1,3.3,.339,0.6,1.0,.543,.517,0.4,0.7,.560,0.6,3.1,3.7,2.3,1.1,0.5,1.1,1.5,4.9
219,Joe Ingles\inglejo01,SF,33,UTA,32,9,26.4,4.0,7.7,.522,2.5,5.3,.465,1.5,2.3,.653,.684,1.1,1.2,.895,0.4,2.9,3.3,4.4,0.5,0.3,1.6,1.8,11.5
220,Brandon Ingram\ingrabr01,SF,23,NOP,36,36,34.9,8.5,18.0,.472,2.4,6.2,.379,6.1,11.8,.521,.538,4.6,5.1,.886,0.6,4.5,5.1,4.8,0.7,0.8,2.3,2.0,23.9
221,Kyrie Irving\irvinky01,PG,28,BRK,26,26,35.5,10.3,20.3,.510,2.9,7.1,.411,7.4,13.2,.564,.583,3.6,4.1,.887,1.2,3.6,4.8,6.0,1.1,0.6,2.3,2.8,27.2
222,Wesley Iwundu\iwundwe01,SF,26,DAL,20,3,12.3,0.7,2.4,.298,0.2,1.2,.130,0.6,1.2,.458,.330,0.5,0.6,.818,0.3,1.5,1.8,0.4,0.4,0.2,0.3,1.0,2.0
223,Frank Jackson\jacksfr01,PG,22,DET,9,0,6.0,0.7,2.4,.273,0.4,1.4,.308,0.2,1.0,.222,.364,0.0,0.0,,0.0,0.9,0.9,1.1,0.1,0.0,0.4,0.6,1.8
224,Josh Jackson\jacksjo02,SG,23,DET,32,6,24.9,4.8,11.3,.425,1.3,4.4,.291,3.5,6.9,.511,.482,2.6,3.8,.694,1.1,3.3,4.4,1.9,0.9,0.9,2.3,2.9,13.5
225,Justin Jackson\jacksju01,SF,25,OKC,25,2,16.2,2.4,6.0,.409,0.9,3.2,.291,1.5,2.8,.543,.487,0.6,0.8,.800,0.4,1.9,2.3,1.5,0.4,0.0,1.0,1.0,6.4
226,Reggie Jackson\jacksre01,SG,30,LAC,35,16,20.3,3.3,7.1,.456,1.3,3.3,.400,1.9,3.9,.504,.548,0.9,1.2,.756,0.4,2.2,2.6,2.9,0.6,0.1,1.0,1.9,8.7
227,Justin James\jamesju01,SF,24,SAC,13,0,5.3,0.7,1.8,.391,0.2,0.7,.222,0.5,1.1,.500,.435,0.2,0.6,.250,0.2,0.5,0.7,0.4,0.2,0.1,0.2,0.2,1.7
228,LeBron James\jamesle01,PG,36,LAL,36,36,34.6,9.7,19.1,.509,2.4,6.7,.358,7.3,12.4,.591,.572,4.0,5.8,.692,0.6,7.4,8.0,7.8,1.1,0.6,3.8,1.6,25.8
229,DaQuan Jeffries\jeffrda01,SG,23,SAC,12,2,15.8,1.8,4.3,.423,0.7,2.0,.333,1.2,2.3,.500,.500,0.5,0.6,.857,0.6,1.2,1.8,0.3,0.4,0.3,0.4,1.4,4.8
230,Ty Jerome\jeromty01,SG,23,OKC,4,0,25.0,3.8,7.5,.500,1.8,4.8,.368,2.0,2.8,.727,.617,0.0,0.0,,0.8,2.0,2.8,3.3,0.8,0.0,0.5,3.5,9.3
231,Isaiah Joe\joeis01,SG,21,PHI,20,1,12.0,1.5,4.0,.367,1.2,3.0,.383,0.3,1.0,.316,.513,0.3,0.3,1.000,0.3,0.9,1.2,0.8,0.4,0.2,0.3,1.1,4.3
232,Cameron Johnson\johnsca02,PF,24,PHO,34,9,24.2,3.7,8.4,.437,2.1,5.7,.378,1.5,2.7,.559,.565,0.9,1.1,.865,0.6,2.8,3.4,1.4,0.6,0.3,0.8,1.4,10.4
233,James Johnson\johnsja01,PF,33,DAL,27,1,17.9,2.4,5.2,.464,0.6,2.1,.259,1.9,3.0,.610,.518,0.5,1.0,.538,0.4,2.6,3.1,1.7,0.9,0.8,1.0,2.0,5.9
234,Keldon Johnson\johnske04,SF,21,SAS,29,27,29.1,5.2,11.0,.472,1.0,3.0,.326,4.2,8.1,.526,.516,2.7,3.5,.782,1.6,5.0,6.7,2.2,0.8,0.5,1.4,2.3,14.1
235,Stanley Johnson\johnsst04,PF,24,TOR,32,2,13.8,1.0,2.5,.392,0.6,1.6,.400,0.3,0.9,.379,.519,0.3,0.4,.786,0.5,1.7,2.2,1.3,0.8,0.3,0.7,1.5,2.9
236,Tyler Johnson\johnsty01,SG,28,BRK,18,1,13.9,1.6,4.0,.389,1.2,2.8,.412,0.4,1.2,.333,.535,0.4,0.4,1.000,0.2,1.5,1.7,0.9,0.3,0.0,0.3,0.7,4.7
237,Nikola Jokić\jokicni01,C,25,DEN,36,36,35.9,10.5,18.6,.567,1.6,3.7,.418,9.0,14.8,.605,.609,4.5,5.1,.881,2.8,8.2,11.0,8.6,1.6,0.6,3.2,3.0,27.1
238,Damian Jones\jonesda03,C,25,TOT,17,1,7.4,0.8,1.2,.619,0.0,0.1,.000,0.8,1.2,.650,.619,0.5,0.8,.615,0.5,0.8,1.4,0.2,0.1,0.5,0.4,1.5,2.0
238,Damian Jones\jonesda03,C,25,PHO,14,0,6.7,0.6,1.1,.500,0.0,0.1,.000,0.6,1.1,.533,.500,0.4,0.8,.545,0.5,0.8,1.3,0.3,0.1,0.4,0.4,1.4,1.6
238,Damian Jones\jonesda03,C,25,LAL,3,1,10.3,1.7,1.7,1.000,0.0,0.0,,1.7,1.7,1.000,1.000,0.7,0.7,1.000,0.7,1.0,1.7,0.0,0.0,1.3,0.0,2.0,4.0
239,Derrick Jones Jr.\jonesde02,SF,23,POR,31,30,27.0,3.0,5.9,.505,0.8,2.5,.333,2.1,3.4,.635,.577,1.3,2.0,.645,1.9,2.9,4.8,0.9,0.8,1.1,0.7,2.4,8.1
240,Mason Jones\jonesma05,SG,22,HOU,22,1,11.1,1.7,4.0,.437,0.8,2.2,.367,0.9,1.7,.526,.540,1.3,2.0,.651,0.2,1.9,2.1,1.3,0.3,0.0,1.2,1.0,5.5
241,Tre Jones\jonestr01,PG,21,SAS,12,0,3.6,0.8,1.3,.600,0.1,0.1,1.000,0.7,1.2,.571,.633,0.4,0.4,1.000,0.3,0.0,0.3,0.3,0.0,0.0,0.3,0.3,2.0
242,Tyus Jones\jonesty01,PG,24,MEM,32,8,21.6,3.5,7.8,.442,0.8,2.7,.294,2.7,5.2,.518,.492,0.5,0.6,.850,0.5,2.1,2.5,4.6,1.3,0.1,0.9,0.4,8.3
243,DeAndre Jordan\jordade01,C,32,BRK,35,26,22.8,3.3,4.3,.762,0.0,0.0,.000,3.3,4.3,.767,.762,0.8,1.6,.518,1.8,5.7,7.5,1.9,0.3,1.5,1.7,2.2,7.4
244,Cory Joseph\josepco01,PG,29,SAC,36,2,20.8,2.5,5.6,.448,0.7,2.1,.320,1.8,3.5,.524,.507,0.8,1.0,.771,0.6,1.6,2.2,2.4,0.7,0.2,1.0,2.3,6.4
245,Mfiondu Kabengele\kabenmf01,PF,23,LAC,20,0,4.1,0.4,1.3,.269,0.2,0.8,.200,0.2,0.6,.364,.327,0.2,0.2,.750,0.1,0.5,0.6,0.3,0.1,0.2,0.3,0.7,1.0
246,Frank Kaminsky\kaminfr01,C,27,PHO,27,11,15.9,2.9,6.1,.467,1.0,2.3,.419,1.9,3.8,.495,.545,0.6,1.1,.586,0.8,3.1,3.9,1.7,0.3,0.4,0.5,1.4,7.3
247,Enes Kanter\kanteen01,C,28,POR,35,23,26.3,5.1,8.5,.594,0.0,0.0,,5.1,8.5,.594,.594,1.8,2.4,.750,4.2,7.7,11.9,1.1,0.5,0.7,1.2,2.7,11.9
248,Luke Kennard\kennalu01,SG,24,LAC,34,7,20.1,2.8,6.0,.463,1.5,3.4,.456,1.2,2.6,.472,.591,0.4,0.4,.867,0.2,2.4,2.6,1.7,0.3,0.2,0.9,1.6,7.4
249,Maxi Kleber\klebima01,PF,29,DAL,22,16,25.9,2.2,5.0,.440,1.7,3.7,.451,0.5,1.2,.407,.610,1.0,1.0,.957,0.9,4.5,5.3,1.4,0.5,0.9,0.5,2.3,7.0
250,Nathan Knight\knighna01,PF,23,ATL,10,0,5.8,0.9,2.3,.391,0.3,0.9,.333,0.6,1.4,.429,.457,0.7,0.8,.875,0.8,0.7,1.5,0.1,0.2,0.3,0.5,0.7,2.8
251,Kevin Knox\knoxke01,SF,21,NYK,26,0,15.3,1.8,4.6,.395,1.1,2.8,.389,0.7,1.8,.404,.513,0.4,0.5,.786,0.3,1.5,1.9,0.7,0.3,0.2,0.6,1.3,5.1
252,John Konchar\konchjo01,SG,24,MEM,19,0,16.2,1.5,3.5,.424,0.4,1.2,.304,1.1,2.3,.488,.477,0.8,0.9,.889,0.9,2.6,3.6,1.2,0.9,0.3,0.4,1.4,4.2
253,Furkan Korkmaz\korkmfu01,SG,23,PHI,25,3,18.7,2.8,7.2,.383,1.6,4.5,.345,1.2,2.7,.448,.492,1.0,1.2,.800,0.2,2.2,2.4,0.8,0.6,0.2,1.0,1.2,8.0
254,Luke Kornet\kornelu01,PF,25,CHI,10,0,8.3,0.9,2.6,.346,0.6,2.2,.273,0.3,0.4,.750,.462,0.2,0.2,1.000,0.1,1.4,1.5,0.4,0.2,0.6,0.1,0.1,2.6
255,Rodions Kurucs\kurucro01,SF-PF,22,TOT,16,0,5.7,0.4,1.5,.250,0.2,1.1,.176,0.2,0.4,.429,.313,0.1,0.1,.500,0.1,0.8,0.9,0.4,0.4,0.3,0.6,0.5,1.0
255,Rodions Kurucs\kurucro01,PF,22,BRK,5,0,3.2,0.2,0.6,.333,0.2,0.4,.500,0.0,0.2,.000,.500,0.0,0.0,,0.0,0.6,0.6,0.4,0.0,0.0,0.0,0.2,0.6
255,Rodions Kurucs\kurucro01,SF,22,HOU,11,0,6.8,0.5,1.9,.238,0.2,1.4,.133,0.3,0.5,.500,.286,0.1,0.2,.500,0.2,0.8,1.0,0.4,0.5,0.4,0.8,0.6,1.2
256,Kyle Kuzma\kuzmaky01,SF,25,LAL,36,11,25.9,4.5,10.1,.444,1.8,4.9,.365,2.7,5.2,.519,.533,0.7,1.1,.632,2.1,4.6,6.7,1.1,0.4,0.6,1.5,1.8,11.5
257,Jeremy Lamb\lambje01,SG,28,IND,21,8,23.1,3.7,7.9,.473,1.6,3.6,.447,2.1,4.2,.494,.576,2.3,2.4,.941,0.7,3.0,3.7,1.6,0.9,0.5,0.8,2.1,11.3
258,Zach LaVine\lavinza01,SG,25,CHI,34,34,35.6,10.3,19.6,.525,3.5,8.1,.435,6.8,11.5,.588,.615,4.6,5.4,.857,0.7,4.5,5.2,5.1,1.1,0.4,3.9,2.6,28.7
259,Jake Layman\laymaja01,SF,26,MIN,24,4,15.5,2.5,4.8,.513,0.6,2.0,.319,1.8,2.8,.647,.578,0.9,1.1,.778,0.3,1.3,1.5,0.7,0.8,0.5,0.7,1.1,6.4
260,Jalen Lecque\lecquja01,PG,20,IND,3,0,3.0,0.3,1.3,.250,0.0,0.3,.000,0.3,1.0,.333,.250,1.0,1.0,1.000,0.3,1.0,1.3,0.7,0.0,0.0,0.0,0.0,1.7
261,Damion Lee\leeda03,SG,28,GSW,37,1,19.2,2.1,4.8,.446,1.4,3.7,.377,0.7,1.1,.692,.593,0.8,0.8,.903,0.4,3.0,3.4,1.4,0.7,0.1,0.5,1.5,6.4
262,Saben Lee\leesa01,PG,21,DET,15,0,15.9,2.5,4.7,.543,0.3,0.4,.667,2.3,4.3,.531,.571,1.7,2.6,.667,0.4,1.1,1.5,2.3,0.7,0.3,0.9,1.7,7.1
263,Alex Len\lenal01,C,27,TOT,26,6,13.5,2.1,3.3,.628,0.2,0.8,.300,1.8,2.5,.727,.663,0.9,1.6,.571,0.7,2.4,3.1,0.9,0.3,1.2,1.0,1.8,5.3
263,Alex Len\lenal01,C,27,TOR,7,2,10.9,0.7,1.4,.500,0.4,0.9,.500,0.3,0.6,.500,.650,0.4,0.9,.500,0.0,1.6,1.6,0.4,0.1,0.9,1.1,1.4,2.3
263,Alex Len\lenal01,C,27,WAS,19,4,14.5,2.6,4.0,.645,0.2,0.7,.214,2.4,3.3,.742,.664,1.1,1.9,.583,1.0,2.7,3.7,1.1,0.4,1.4,0.9,1.9,6.4
264,Kawhi Leonard\leonaka01,SF,29,LAC,30,30,34.6,9.6,18.7,.511,2.0,5.2,.387,7.6,13.6,.558,.564,5.5,6.3,.873,0.9,5.3,6.3,4.9,1.5,0.5,1.9,1.6,26.6
265,Meyers Leonard\leoname01,C,28,MIA,3,2,9.7,1.0,2.3,.429,1.0,2.3,.429,0.0,0.0,,.643,0.3,0.7,.500,0.0,2.3,2.3,0.7,0.0,0.0,0.7,1.7,3.3
266,Caris LeVert\leverca01,SG,26,BRK,12,4,27.8,7.3,16.7,.435,1.8,5.3,.349,5.4,11.4,.474,.490,2.2,2.8,.765,0.8,3.5,4.3,6.0,1.1,0.5,2.2,1.7,18.5
267,Kira Lewis Jr.\lewiski01,PG,19,NOP,21,0,13.0,2.0,5.1,.389,0.6,1.9,.333,1.4,3.3,.420,.449,0.6,1.0,.650,0.1,0.7,0.8,1.8,0.6,0.0,0.4,1.2,5.2
268,Damian Lillard\lillada01,PG,30,POR,34,34,36.0,9.3,20.8,.445,4.3,11.2,.384,5.0,9.6,.515,.548,7.0,7.5,.933,0.4,3.8,4.3,8.0,1.0,0.3,3.3,1.6,29.8
269,Nassir Little\littlna01,PF,20,POR,20,2,12.0,1.7,3.5,.471,0.9,1.9,.459,0.8,1.7,.485,.593,1.1,1.3,.880,0.7,1.6,2.3,0.4,0.2,0.3,0.5,1.1,5.3
270,Kevon Looney\looneke01,C,24,GSW,27,10,14.9,1.6,2.7,.595,0.1,0.2,.333,1.6,2.5,.618,.608,0.6,0.8,.762,1.8,2.4,4.2,1.6,0.4,0.3,0.6,1.9,3.9
271,Brook Lopez\lopezbr01,C,32,MIL,36,36,27.1,3.9,8.4,.467,1.5,4.4,.348,2.4,4.0,.597,.558,1.4,1.7,.820,1.4,3.7,5.1,0.6,0.5,1.3,0.9,2.1,10.8
272,Robin Lopez\lopezro01,C,32,WAS,34,9,20.3,3.3,5.6,.593,0.1,0.4,.308,3.2,5.2,.614,.603,1.6,2.2,.697,2.3,1.9,4.2,0.9,0.3,0.6,1.1,1.9,8.3
273,Kevin Love\loveke01,PF,32,CLE,2,2,23.0,3.0,9.0,.333,1.5,4.5,.333,1.5,4.5,.333,.417,2.0,2.5,.800,1.0,5.0,6.0,2.5,0.5,0.0,1.5,0.5,9.5
274,Kyle Lowry\lowryky01,PG,34,TOR,29,29,34.6,6.0,13.1,.457,2.9,7.1,.403,3.1,6.0,.520,.566,3.1,3.7,.858,0.8,4.7,5.5,7.0,1.2,0.2,2.8,3.2,18.0
275,Timothé Luwawu-Cabarrot\luwawti01,SF,25,BRK,34,6,19.7,2.5,6.5,.389,1.6,4.3,.363,1.0,2.2,.440,.509,0.6,0.8,.769,0.5,1.8,2.4,1.3,0.7,0.1,0.7,1.9,7.2
276,Trey Lyles\lylestr01,PF,25,SAS,19,7,16.4,2.2,4.4,.506,0.7,1.9,.378,1.5,2.4,.609,.590,0.6,1.0,.632,0.4,3.6,4.1,0.6,0.3,0.1,0.2,0.6,5.8
277,Thon Maker\makerth01,C,23,CLE,8,0,9.5,1.3,2.3,.556,0.0,0.3,.000,1.3,2.0,.625,.556,1.3,1.4,.909,1.0,1.3,2.3,0.5,0.3,0.5,0.4,0.9,3.8
278,Théo Maledon\maledth01,PG,19,OKC,31,16,25.7,2.8,7.0,.394,1.5,4.1,.354,1.3,2.9,.451,.498,0.8,1.0,.750,0.2,2.7,3.0,3.3,1.0,0.1,1.8,2.2,7.8
279,Karim Mané\maneka01,PG,20,ORL,6,0,9.3,0.2,1.5,.111,0.2,0.3,.500,0.0,1.2,.000,.167,0.7,0.7,1.000,0.0,1.7,1.7,0.2,0.0,0.2,0.5,0.5,1.2
280,Terance Mann\mannte01,SG,24,LAC,35,3,15.7,1.8,3.7,.481,0.4,1.0,.382,1.4,2.7,.516,.531,0.9,1.1,.800,0.9,2.4,3.3,1.3,0.4,0.2,0.7,1.7,4.8
281,Nico Mannion\mannini01,PG,19,GSW,7,1,9.6,0.9,3.3,.261,0.7,2.0,.357,0.1,1.3,.111,.370,0.1,0.6,.250,0.0,1.7,1.7,2.6,0.4,0.0,1.0,1.1,2.6
282,Boban Marjanović\marjabo01,C,32,DAL,18,1,7.8,2.0,4.0,.500,0.0,0.2,.000,2.0,3.8,.529,.500,0.6,0.8,.714,1.5,2.4,3.9,0.2,0.1,0.1,0.4,0.9,4.6
283,Lauri Markkanen\markkla01,PF,23,CHI,14,14,30.4,6.8,13.2,.514,2.9,7.2,.396,3.9,6.0,.655,.622,2.7,3.2,.844,0.6,5.5,6.1,0.9,0.6,0.4,1.7,2.2,19.1
284,Naji Marshall\marshna01,SF,23,NOP,3,0,2.7,0.0,0.7,.000,0.0,0.3,.000,0.0,0.3,.000,.000,0.3,0.7,.500,0.0,0.7,0.7,0.3,0.0,0.0,0.0,0.0,0.3
285,Caleb Martin\martica02,SF,25,CHO,26,1,15.2,2.1,5.1,.414,0.7,2.2,.333,1.4,2.9,.474,.485,0.5,1.0,.538,0.8,2.0,2.8,1.2,0.8,0.3,0.7,1.0,5.5
286,Cody Martin\martico01,SF,25,CHO,23,2,11.7,1.4,2.8,.516,0.2,0.9,.200,1.3,1.9,.659,.547,0.3,0.4,.800,0.8,1.5,2.3,1.0,0.5,0.2,0.7,0.6,3.4
287,Kelan Martin\martike03,SF,25,IND,12,0,4.0,0.6,1.7,.350,0.2,0.8,.222,0.4,0.9,.455,.400,0.2,0.2,1.000,0.1,0.9,1.0,0.0,0.3,0.0,0.3,0.4,1.5
288,Kenyon Martin Jr.\martike04,SF,20,HOU,7,0,9.9,1.4,3.9,.370,0.1,0.6,.250,1.3,3.3,.391,.389,0.3,0.7,.400,1.1,1.6,2.7,0.6,0.3,0.7,0.7,1.3,3.3
289,Frank Mason III\masonfr01,PG,26,ORL,4,1,19.8,2.3,6.0,.375,0.5,1.3,.400,1.8,4.8,.368,.417,1.3,1.8,.714,0.8,2.3,3.0,3.0,0.0,0.0,1.3,1.8,6.3
290,Garrison Mathews\mathega01,SG,24,WAS,28,12,16.2,1.9,4.5,.421,1.4,3.6,.400,0.5,0.9,.500,.579,1.6,1.8,.920,0.4,1.4,1.8,0.5,0.7,0.2,0.1,1.6,6.9
291,Dakota Mathias\mathida01,SG,25,PHI,8,2,15.4,2.4,6.0,.396,1.0,3.3,.308,1.4,2.8,.500,.479,0.3,0.8,.333,0.1,0.8,0.9,1.6,0.1,0.4,0.1,0.9,6.0
292,Wesley Matthews\matthwe02,SG,34,LAL,30,4,20.2,1.4,3.9,.356,1.0,3.1,.337,0.4,0.9,.423,.487,0.4,0.5,.800,0.4,1.1,1.5,1.1,0.5,0.4,0.5,1.4,4.2
293,Tyrese Maxey\maxeyty01,SG,20,PHI,32,6,16.2,3.4,7.6,.450,0.5,1.7,.273,2.9,5.8,.503,.481,0.7,0.8,.880,0.3,1.6,1.9,1.8,0.5,0.2,0.7,1.3,8.0
294,Skylar Mays\mayssk01,SG,23,ATL,16,0,8.3,1.2,3.1,.388,0.5,1.4,.348,0.7,1.6,.423,.469,1.0,1.1,.889,0.4,0.4,0.8,1.1,0.4,0.0,0.3,0.4,3.9
295,Patrick McCaw\mccawpa01,SF,25,TOR,3,0,6.7,0.0,0.0,,0.0,0.0,,0.0,0.0,,,0.0,0.0,,0.3,0.0,0.3,1.3,0.0,0.0,0.0,1.0,0.0
296,CJ McCollum\mccolcj01,SG,29,POR,13,13,33.8,9.5,20.0,.473,4.8,11.0,.441,4.6,9.0,.513,.594,2.9,3.5,.844,0.5,3.4,3.9,5.0,1.3,0.3,1.0,2.2,26.7
297,T.J. McConnell\mccontj01,PG,28,IND,32,2,25.3,3.1,5.9,.526,0.2,0.6,.316,2.9,5.3,.550,.542,0.3,0.6,.500,0.7,3.0,3.7,6.8,2.0,0.4,1.9,1.6,6.7
298,Jaden McDaniels\mcdanja02,PF,20,MIN,30,1,19.1,1.9,5.0,.383,0.9,2.8,.337,1.0,2.2,.439,.477,0.4,0.8,.522,0.6,2.8,3.4,1.0,0.3,1.0,0.8,2.4,5.1
299,Jalen McDaniels\mcdanja01,SF,23,CHO,17,1,12.5,1.7,3.9,.439,0.4,1.4,.261,1.4,2.5,.535,.485,0.8,1.1,.684,0.5,2.2,2.6,0.5,0.1,0.2,0.8,1.8,4.5
300,Doug McDermott\mcderdo01,PF,29,IND,34,14,25.9,5.1,10.1,.506,1.6,4.4,.364,3.5,5.7,.617,.586,1.3,1.6,.818,1.0,3.0,4.0,1.3,0.3,0.1,1.0,1.7,13.2
301,Sean McDermott\mcderse01,SF,24,MEM,8,0,15.8,1.3,2.9,.435,0.6,1.9,.333,0.6,1.0,.625,.543,0.8,0.8,1.000,0.5,1.0,1.5,0.5,0.1,0.3,0.5,0.8,3.9
302,JaVale McGee\mcgeeja01,C,33,CLE,27,1,15.2,3.1,6.4,.489,0.2,0.6,.294,3.0,5.8,.510,.503,1.0,1.7,.609,1.6,3.6,5.1,1.0,0.5,1.2,1.3,2.6,7.5
303,Rodney McGruder\mcgruro01,SG,29,DET,12,0,9.6,1.8,3.6,.512,0.7,1.3,.500,1.2,2.3,.519,.605,0.4,0.5,.833,0.3,0.7,1.0,1.0,0.3,0.1,0.5,0.7,4.8
304,Alfonzo McKinnie\mckinal01,SF,28,LAL,18,0,4.7,0.9,1.7,.533,0.3,0.7,.417,0.6,1.0,.611,.617,0.3,0.4,.625,0.4,0.7,1.1,0.1,0.1,0.0,0.1,0.4,2.3
305,Jordan McLaughlin\mclaujo01,PG,24,MIN,24,0,19.5,2.2,5.9,.376,0.7,1.9,.348,1.5,4.0,.389,.433,0.3,0.4,.800,0.5,1.8,2.3,4.7,1.0,0.2,1.1,1.0,5.4
306,Ben McLemore\mclembe01,SG,27,HOU,24,2,15.5,2.1,5.8,.357,1.3,4.3,.314,0.8,1.6,.474,.471,0.7,1.0,.739,0.4,1.7,2.1,1.0,0.6,0.0,1.0,1.4,6.2
307,Nicolò Melli\mellini01,PF,30,NOP,17,0,10.9,0.5,2.4,.225,0.4,1.9,.212,0.1,0.4,.286,.313,0.2,0.3,.800,0.2,2.1,2.2,0.9,0.5,0.1,0.4,1.3,1.7
308,De'Anthony Melton\meltode01,PG,22,MEM,20,1,20.4,3.8,8.1,.472,1.7,3.9,.423,2.2,4.2,.518,.575,0.8,1.1,.762,0.5,2.6,3.1,2.9,1.2,0.7,1.3,1.7,10.1
309,Sam Merrill\merrisa01,SG,24,MIL,13,0,5.9,0.5,1.3,.353,0.4,0.8,.455,0.1,0.5,.167,.500,0.2,0.2,1.000,0.3,0.8,1.1,0.8,0.2,0.0,0.2,0.5,1.5
310,Chimezie Metu\metuch01,C,23,SAC,11,0,6.5,1.4,2.7,.500,0.1,0.3,.333,1.3,2.5,.519,.517,0.5,0.8,.667,1.0,1.1,2.1,0.5,0.3,0.5,0.5,0.9,3.4
311,Khris Middleton\middlkh01,SF,29,MIL,36,36,33.4,7.6,15.3,.495,2.3,5.3,.432,5.3,9.9,.529,.571,3.2,3.6,.884,0.9,5.3,6.1,5.7,1.1,0.2,2.6,2.6,20.6
312,Darius Miller\milleda01,SF,30,OKC,12,0,9.3,0.9,2.0,.458,0.8,1.8,.429,0.2,0.3,.667,.646,0.3,0.3,1.000,0.1,1.2,1.3,0.8,0.4,0.3,0.4,0.8,2.8
313,Patty Mills\millspa02,PG,32,SAS,32,0,25.8,4.7,10.5,.448,2.8,6.8,.402,2.0,3.7,.534,.579,1.1,1.3,.900,0.3,1.5,1.8,2.7,0.6,0.0,1.1,1.4,13.3
314,Paul Millsap\millspa01,PF,35,DEN,26,26,23.9,3.8,7.3,.524,1.2,3.0,.410,2.6,4.3,.604,.608,1.6,2.3,.695,1.6,3.6,5.2,1.7,0.8,0.5,1.0,2.1,10.4
315,Shake Milton\miltosh01,SG,24,PHI,28,1,25.1,4.8,10.9,.441,1.1,3.5,.313,3.7,7.4,.502,.492,3.1,3.5,.887,0.6,1.5,2.1,3.0,0.6,0.3,1.5,2.3,13.8
316,Donovan Mitchell\mitchdo01,SG,24,UTA,34,34,33.9,8.5,20.1,.421,3.3,8.7,.382,5.1,11.4,.451,.504,4.4,5.4,.824,1.1,3.6,4.7,5.4,1.0,0.3,3.0,2.3,24.7
317,Adam Mokoka\mokokad01,SG,22,CHI,7,0,6.0,0.7,2.0,.357,0.1,1.1,.125,0.6,0.9,.667,.393,0.0,0.0,,0.1,0.4,0.6,0.6,0.3,0.1,0.3,0.7,1.6
318,Malik Monk\monkma01,SG,22,CHO,22,0,22.7,4.7,10.1,.462,2.5,5.6,.439,2.2,4.5,.490,.583,1.7,2.1,.787,0.4,2.5,2.9,1.9,0.3,0.1,1.5,1.5,13.5
319,E'Twaun Moore\mooreet01,SG,31,PHO,22,1,15.2,1.8,4.3,.421,0.3,1.1,.240,1.5,3.2,.486,.453,0.4,0.5,.800,0.5,1.3,1.8,1.6,0.6,0.2,0.8,1.4,4.3
320,Ja Morant\moranja01,PG,21,MEM,24,24,30.8,7.2,15.8,.454,0.9,3.8,.233,6.3,12.0,.522,.482,4.6,5.8,.797,0.8,2.5,3.3,7.7,1.0,0.2,2.9,1.5,19.8
321,Juwan Morgan\morgaju01,PF,23,UTA,15,0,4.7,0.4,0.9,.429,0.2,0.7,.300,0.2,0.3,.750,.536,0.1,0.3,.200,0.3,0.7,0.9,0.3,0.2,0.0,0.1,0.8,1.1
322,Marcus Morris\morrima03,PF,31,LAC,28,2,24.4,4.3,9.8,.440,2.3,5.0,.464,2.0,4.8,.415,.558,1.4,1.5,.905,0.7,3.1,3.8,0.9,0.5,0.3,0.9,1.9,12.3
323,Markieff Morris\morrima02,PF,31,LAL,31,7,17.4,1.9,4.7,.407,0.9,2.8,.322,1.0,1.9,.534,.503,0.6,0.9,.690,0.7,3.1,3.8,1.0,0.2,0.3,0.6,1.6,5.4
324,Monte Morris\morrimo01,PG,25,DEN,35,9,27.1,4.1,8.5,.477,1.1,3.2,.360,2.9,5.3,.545,.544,1.3,1.7,.754,0.2,2.0,2.2,3.4,0.7,0.3,0.7,0.9,10.6
325,Mychal Mulder\muldemy01,PG,26,GSW,34,2,10.6,1.4,3.2,.435,1.1,2.7,.409,0.3,0.4,.600,.611,0.2,0.4,.533,0.0,0.9,0.9,0.4,0.2,0.2,0.2,0.8,4.1
326,Dejounte Murray\murrade01,PG,24,SAS,32,32,31.0,6.5,14.2,.456,1.1,3.3,.324,5.4,10.9,.496,.493,1.8,2.2,.812,0.6,6.4,7.0,5.4,1.6,0.1,1.7,2.1,15.8
327,Jamal Murray\murraja01,PG,23,DEN,34,34,35.4,8.0,16.5,.487,2.6,6.6,.398,5.4,9.9,.546,.567,3.1,3.6,.846,0.7,3.5,4.2,4.6,1.1,0.3,2.3,2.1,21.8
328,Mike Muscala\muscami01,C,29,OKC,34,0,18.6,3.4,7.7,.441,2.0,5.4,.368,1.4,2.4,.605,.568,0.9,1.0,.914,0.6,3.2,3.8,0.8,0.2,0.3,0.6,1.6,9.7
329,Sviatoslav Mykhailiuk\mykhasv01,SF,23,DET,35,4,17.4,2.3,6.1,.377,1.5,4.6,.335,0.7,1.5,.510,.505,0.7,0.9,.800,0.3,1.7,2.0,1.4,0.7,0.2,1.1,0.9,6.8
330,Abdel Nader\naderab01,SF,27,PHO,19,0,14.4,2.3,4.7,.489,0.7,1.7,.394,1.6,3.0,.544,.561,1.1,1.3,.800,0.2,2.3,2.4,0.8,0.3,0.4,0.7,1.3,6.4
331,Larry Nance Jr.\nancela02,PF,28,CLE,19,18,33.4,3.7,7.6,.483,1.3,3.3,.381,2.4,4.3,.561,.566,0.6,1.1,.571,1.4,5.4,6.8,3.2,1.9,0.5,1.5,2.2,9.3
332,Aaron Nesmith\nesmiaa01,SF,21,BOS,18,0,15.6,1.4,3.5,.397,0.9,2.7,.354,0.4,0.8,.533,.532,0.4,0.7,.667,0.6,1.9,2.4,0.4,0.2,0.3,0.6,2.1,4.2
333,Raul Neto\netora01,PG,28,WAS,29,6,20.4,3.0,6.8,.449,1.0,2.6,.373,2.1,4.2,.496,.520,0.9,1.0,.833,0.4,1.8,2.3,2.1,1.1,0.1,0.7,1.3,7.9
334,Georges Niang\niangge01,PF,27,UTA,36,0,13.4,2.0,4.6,.431,1.3,3.3,.385,0.8,1.4,.540,.566,0.1,0.1,1.000,0.3,1.8,2.2,0.7,0.3,0.1,0.6,1.5,5.4
335,Zeke Nnaji\nnajize01,PF,20,DEN,23,1,10.8,1.3,2.7,.508,0.7,1.6,.417,0.7,1.1,.640,.631,0.2,0.3,.714,0.4,1.0,1.4,0.1,0.1,0.1,0.2,0.7,3.6
336,Nerlens Noel\noelne01,C,26,NYK,32,10,22.2,2.1,3.5,.613,0.0,0.1,.000,2.1,3.4,.624,.613,0.7,1.0,.667,2.1,4.0,6.1,0.6,1.0,2.0,1.2,2.6,4.9
337,Jaylen Nowell\nowelja01,SG,21,MIN,22,0,16.7,3.2,7.7,.418,1.1,3.3,.347,2.1,4.5,.469,.491,1.4,1.7,.838,0.5,1.5,1.9,1.0,0.5,0.2,0.5,1.8,9.0
338,Frank Ntilikina\ntilila01,PG,22,NYK,9,1,14.1,2.0,4.1,.486,1.4,2.3,.619,0.6,1.8,.313,.662,0.3,0.6,.600,0.1,0.7,0.8,0.8,0.9,0.0,0.6,1.7,5.8
339,Kendrick Nunn\nunnke01,PG,25,MIA,28,16,30.0,5.4,11.8,.461,2.1,5.7,.365,3.4,6.1,.550,.548,1.3,1.4,.923,0.5,2.9,3.4,2.7,1.1,0.3,1.8,1.9,14.2
340,Jusuf Nurkić\nurkiju01,C,26,POR,12,12,23.3,4.2,8.6,.485,0.3,1.0,.250,3.9,7.6,.516,.500,1.3,2.3,.556,1.9,5.8,7.7,2.8,0.9,0.9,1.9,2.8,9.8
341,David Nwaba\nwabada01,SF,28,HOU,28,9,22.9,3.6,7.4,.481,0.6,2.3,.270,3.0,5.2,.572,.522,1.6,2.4,.697,1.3,2.4,3.7,1.0,1.1,0.7,0.6,2.1,9.4
342,Jordan Nwora\nworajo01,SF,22,MIL,10,0,8.2,1.7,3.7,.459,0.8,1.6,.500,0.9,2.1,.429,.568,0.9,1.0,.900,0.1,1.4,1.5,0.0,0.4,0.2,1.0,0.9,5.1
343,Royce O'Neale\onealro01,SF,27,UTA,36,36,32.8,2.6,5.9,.441,1.7,4.2,.411,0.9,1.7,.516,.587,0.6,0.8,.821,1.3,5.5,6.8,2.6,0.8,0.6,1.2,2.8,7.6
344,Semi Ojeleye\ojelese01,PF,26,BOS,34,6,19.0,1.9,4.4,.417,1.2,3.1,.383,0.6,1.3,.500,.553,0.6,0.8,.714,0.6,2.3,2.9,0.8,0.3,0.0,0.4,1.2,5.5
345,Jahlil Okafor\okafoja01,C,25,DET,12,0,10.0,2.1,3.5,.595,0.0,0.3,.000,2.1,3.3,.641,.595,0.1,0.2,.500,1.1,1.2,2.3,0.3,0.2,0.2,0.3,0.8,4.3
346,Chuma Okeke\okekech01,PF,22,ORL,20,0,21.9,1.7,4.3,.384,0.9,2.2,.386,0.8,2.1,.381,.483,0.3,0.5,.500,0.9,2.6,3.5,2.0,0.8,0.4,0.7,1.0,4.4
347,Josh Okogie\okogijo01,SG,22,MIN,29,20,19.2,1.6,4.6,.351,0.4,1.9,.218,1.2,2.7,.443,.396,1.1,1.4,.756,0.9,1.6,2.5,1.0,0.8,0.5,0.8,2.0,4.7
348,Onyeka Okongwu\okongon01,C,20,ATL,16,1,9.9,1.3,2.3,.568,0.0,0.1,.000,1.3,2.3,.583,.568,0.6,0.9,.600,0.8,1.7,2.4,0.3,0.4,0.4,0.5,1.6,3.2
349,Isaac Okoro\okorois01,SG,20,CLE,31,31,33.2,3.0,7.3,.413,0.9,3.0,.301,2.1,4.3,.492,.476,1.2,1.7,.679,1.0,1.7,2.7,1.9,1.2,0.5,1.5,3.1,8.1
350,KZ Okpala\okpalkz01,PF,21,MIA,19,6,10.5,0.7,2.1,.350,0.4,1.3,.333,0.3,0.8,.375,.450,0.1,0.3,.333,0.4,1.1,1.5,0.4,0.2,0.2,0.5,1.3,2.0
351,Victor Oladipo\oladivi01,SG,28,TOT,24,24,32.8,7.3,18.2,.399,2.5,7.5,.331,4.8,10.6,.447,.468,3.0,4.0,.747,0.3,4.9,5.2,4.5,1.5,0.5,2.2,2.3,20.0
351,Victor Oladipo\oladivi01,SG,28,IND,9,9,33.3,7.1,16.9,.421,2.8,7.7,.362,4.3,9.2,.470,.503,3.0,4.1,.730,0.1,5.6,5.7,4.2,1.7,0.2,2.0,2.6,20.0
351,Victor Oladipo\oladivi01,SG,28,HOU,15,15,32.4,7.3,18.9,.387,2.3,7.5,.313,5.0,11.5,.436,.449,2.9,3.9,.759,0.5,4.5,4.9,4.7,1.4,0.6,2.3,2.2,19.9
352,Kelly Olynyk\olynyke01,C,29,MIA,35,30,26.5,3.8,8.5,.441,1.9,5.7,.328,1.9,2.8,.673,.552,0.6,0.9,.733,0.9,4.9,5.9,2.1,0.8,0.5,1.3,2.8,10.1
353,Miye Oni\onimi01,SG,23,UTA,26,0,7.9,0.5,1.5,.368,0.5,1.3,.394,0.0,0.2,.200,.539,0.2,0.2,.833,0.5,1.2,1.8,0.2,0.1,0.2,0.3,1.1,1.8
354,Cedi Osman\osmande01,SF,25,CLE,35,15,25.8,3.9,10.4,.373,2.0,6.0,.332,1.9,4.4,.429,.468,1.1,1.4,.796,0.7,3.0,3.7,2.7,0.9,0.1,1.1,2.0,10.9
355,Daniel Oturu\oturuda01,C,21,LAC,10,0,4.2,0.9,1.5,.600,0.0,0.1,.000,0.9,1.4,.643,.600,0.2,0.2,1.000,0.5,0.9,1.4,0.4,0.0,0.3,0.2,0.6,2.0
356,Kelly Oubre Jr.\oubreke01,SF,25,GSW,35,35,30.3,5.8,13.2,.436,1.7,5.3,.321,4.1,7.9,.514,.501,2.2,3.0,.740,1.5,4.5,5.9,1.4,1.1,0.8,1.3,2.2,15.5
357,Jabari Parker\parkeja01,PF,25,SAC,2,0,12.5,2.0,3.5,.571,0.0,0.5,.000,2.0,3.0,.667,.571,0.0,0.0,,0.5,2.5,3.0,0.5,0.0,0.5,1.5,2.0,4.0
358,Eric Paschall\pascher01,PF,24,GSW,34,2,17.6,3.9,7.8,.494,0.4,1.3,.289,3.5,6.5,.536,.519,1.8,2.5,.718,0.8,2.5,3.3,1.3,0.3,0.1,1.0,1.7,9.9
359,Anžejs Pasečņiks\pasecan01,C,25,WAS,1,0,6.0,0.0,1.0,.000,0.0,1.0,.000,0.0,0.0,,.000,0.0,0.0,,1.0,0.0,1.0,1.0,0.0,0.0,5.0,2.0,0.0
360,Patrick Patterson\pattepa01,PF,31,LAC,10,1,13.0,1.6,3.8,.421,1.0,2.8,.357,0.6,1.0,.600,.553,0.3,0.4,.750,0.4,1.6,2.0,0.5,0.3,0.1,0.7,1.3,4.5
361,Justin Patton\pattoju01,C,23,HOU,6,2,21.3,2.7,5.2,.516,1.0,2.8,.353,1.7,2.3,.714,.613,0.5,0.7,.750,0.8,3.2,4.0,0.8,1.2,1.7,0.3,3.2,6.8
362,Chris Paul\paulch01,PG,35,PHO,34,34,31.8,6.0,12.4,.486,1.5,3.9,.391,4.5,8.4,.530,.548,2.4,2.6,.954,0.5,4.2,4.7,8.8,1.2,0.3,2.4,2.5,16.0
363,Cameron Payne\payneca01,PG,26,PHO,24,0,16.4,2.5,5.3,.480,1.0,2.4,.421,1.5,2.9,.529,.575,0.5,0.6,.929,0.1,1.7,1.8,3.6,0.6,0.2,1.0,1.8,6.6
364,Elfrid Payton\paytoel01,PG,26,NYK,33,33,28.2,5.3,11.9,.443,0.5,1.8,.250,4.8,10.1,.477,.462,1.7,2.2,.743,1.3,2.5,3.8,3.7,0.7,0.2,1.9,1.9,12.7
365,Norvel Pelle\pelleno01,C,27,TOT,4,0,8.0,0.8,2.0,.375,0.0,0.0,,0.8,2.0,.375,.375,0.8,1.0,.750,1.0,1.0,2.0,0.3,0.0,0.8,0.8,2.5,2.3
365,Norvel Pelle\pelleno01,C,27,BRK,3,0,9.3,1.0,2.3,.429,0.0,0.0,,1.0,2.3,.429,.429,0.0,0.0,,1.0,1.3,2.3,0.0,0.0,1.0,1.0,3.0,2.0
365,Norvel Pelle\pelleno01,C,27,SAC,1,0,4.0,0.0,1.0,.000,0.0,0.0,,0.0,1.0,.000,.000,3.0,4.0,.750,1.0,0.0,1.0,1.0,0.0,0.0,0.0,1.0,3.0
366,Reggie Perry\perryre01,PF,20,BRK,14,0,10.5,1.5,3.6,.412,0.1,0.9,.167,1.4,2.8,.487,.431,0.4,0.6,.667,1.2,2.4,3.6,0.9,0.1,0.4,0.8,1.9,3.6
367,Theo Pinson\pinsoth01,SG,25,NYK,11,0,2.3,0.1,0.6,.143,0.0,0.5,.000,0.1,0.1,1.000,.143,0.0,0.0,,0.0,0.1,0.1,0.1,0.0,0.0,0.0,0.3,0.2
368,Mason Plumlee\plumlma01,C,30,DET,34,34,28.0,4.3,7.0,.607,0.0,0.2,.000,4.3,6.9,.622,.607,1.9,2.8,.674,2.8,6.4,9.1,3.8,0.8,0.9,2.1,3.5,10.4
369,Jakob Poeltl\poeltja01,C,25,SAS,32,14,23.4,3.0,5.0,.610,0.0,0.0,,3.0,5.0,.610,.610,0.5,1.5,.319,3.0,4.3,7.3,1.8,0.6,1.6,1.2,2.2,6.5
370,Vincent Poirier\poirivi01,C,27,PHI,6,0,3.7,0.2,0.7,.250,0.0,0.0,,0.2,0.7,.250,.250,0.3,0.7,.500,0.3,0.3,0.7,0.2,0.0,0.3,0.3,0.3,0.7
371,Aleksej Pokusevski\pokusal01,PF,19,OKC,17,0,17.4,1.4,5.5,.247,0.6,3.3,.179,0.8,2.2,.351,.301,0.0,0.0,,0.3,3.2,3.5,1.2,0.5,1.1,1.3,0.9,3.3
372,Jordan Poole\poolejo01,SG,21,GSW,16,0,10.6,2.3,4.8,.468,1.1,3.1,.367,1.1,1.8,.643,.584,1.2,1.3,.950,0.1,1.2,1.3,0.9,0.3,0.2,0.5,0.9,6.8
373,Michael Porter Jr.\portemi01,SF,22,DEN,26,19,28.6,5.5,10.9,.502,2.4,5.7,.416,3.1,5.2,.597,.611,1.3,1.7,.756,1.2,5.8,7.0,0.9,0.9,1.1,1.1,2.3,14.6
374,Otto Porter\porteot01,SF,27,CHI,16,6,23.3,4.0,9.0,.444,1.8,4.4,.400,2.3,4.6,.486,.542,1.9,2.3,.833,1.3,5.0,6.3,2.0,0.6,0.2,0.9,1.6,11.6
375,Bobby Portis\portibo01,C,25,MIL,36,2,21.6,4.6,8.4,.546,1.1,2.1,.500,3.6,6.3,.561,.609,0.6,0.9,.697,1.9,5.2,7.1,1.0,0.8,0.4,0.8,1.9,10.9
376,Kristaps Porziņģis\porzikr01,C,25,DAL,20,20,30.1,7.6,16.1,.469,2.2,6.3,.349,5.4,9.8,.546,.537,2.9,3.4,.838,1.9,6.5,8.4,1.4,0.4,1.6,1.3,3.0,20.2
377,Dwight Powell\poweldw01,C,29,DAL,23,8,15.0,1.3,2.9,.463,0.0,0.3,.125,1.3,2.6,.508,.470,1.9,2.5,.754,1.0,2.2,3.2,0.9,0.6,0.3,0.7,2.3,4.6
378,Norman Powell\powelno01,SG,27,TOR,34,23,29.6,6.2,12.7,.488,2.6,5.9,.438,3.6,6.8,.532,.590,3.4,3.8,.899,0.4,2.6,3.0,1.7,1.2,0.1,1.7,2.1,18.4
379,Taurean Prince\princta02,PF,26,TOT,29,10,21.4,2.7,7.2,.380,1.3,3.5,.386,1.4,3.7,.374,.474,1.6,1.8,.849,0.5,3.1,3.6,1.7,0.7,0.7,1.1,1.8,8.3
379,Taurean Prince\princta02,PF,26,BRK,12,4,18.2,2.5,6.2,.405,1.1,3.1,.351,1.4,3.1,.459,.493,2.0,2.3,.889,0.2,2.7,2.8,0.6,0.7,0.7,0.9,1.8,8.1
379,Taurean Prince\princta02,PF,26,CLE,17,6,23.6,2.9,7.9,.366,1.5,3.8,.406,1.4,4.1,.329,.463,1.2,1.5,.808,0.8,3.4,4.1,2.5,0.6,0.6,1.2,1.9,8.5
380,Payton Pritchard\pritcpa01,SG,23,BOS,30,1,21.4,2.9,6.3,.457,1.4,3.4,.402,1.5,2.9,.523,.566,0.6,0.6,.944,0.5,1.8,2.3,2.3,0.6,0.2,1.1,2.0,7.7
381,Immanuel Quickley\quickim01,PG,21,NYK,33,0,18.8,3.7,9.6,.389,1.8,4.7,.381,1.9,4.9,.398,.483,3.0,3.2,.942,0.5,1.9,2.3,2.4,0.5,0.3,1.0,1.9,12.2
382,Jahmi'us Ramsey\ramseja01,SG,19,SAC,4,0,4.0,0.5,1.0,.500,0.3,0.8,.333,0.3,0.3,1.000,.625,0.0,0.0,,0.0,1.0,1.0,0.3,0.0,0.3,0.3,0.0,1.3
383,Chasson Randle\randlch01,PG,27,ORL,8,0,18.9,1.9,4.4,.429,0.9,2.9,.304,1.0,1.5,.667,.529,0.6,0.9,.714,0.1,1.8,1.9,2.9,0.3,0.1,0.8,2.3,5.3
384,Julius Randle\randlju01,PF,26,NYK,37,37,36.7,8.3,17.2,.483,1.9,4.6,.408,6.4,12.6,.510,.537,4.8,5.9,.805,1.4,9.6,11.1,5.5,0.8,0.2,3.2,3.1,23.2
385,Cam Reddish\reddica01,SF,21,ATL,26,21,28.8,3.7,10.1,.365,1.3,4.8,.262,2.4,5.3,.460,.428,2.6,3.2,.817,0.8,3.2,4.0,1.3,1.3,0.3,1.3,2.6,11.2
386,J.J. Redick\redicjj01,SG,36,NOP,31,0,18.6,2.8,6.9,.407,1.6,4.5,.364,1.2,2.4,.486,.526,1.5,1.5,.957,0.1,1.6,1.7,1.3,0.3,0.1,0.8,1.2,8.7
387,Paul Reed\reedpa01,PF,21,PHI,5,0,11.0,1.8,4.4,.409,0.0,0.6,.000,1.8,3.8,.474,.409,0.0,0.0,,1.4,0.6,2.0,0.6,0.2,0.8,1.0,0.8,3.6
388,Naz Reid\reidna01,C,21,MIN,34,13,20.6,4.6,9.0,.515,0.9,2.8,.340,3.7,6.3,.592,.567,1.6,2.2,.733,1.1,3.6,4.8,1.3,0.6,1.2,1.1,3.1,11.9
389,Nick Richards\richani01,PF,23,CHO,8,0,2.9,0.4,0.8,.500,0.0,0.0,,0.4,0.8,.500,.500,0.6,0.8,.833,0.3,0.5,0.8,0.0,0.0,0.0,0.1,0.5,1.4
390,Josh Richardson\richajo01,SG,27,DAL,25,25,31.5,4.6,10.7,.427,1.5,5.3,.288,3.0,5.4,.563,.498,2.2,2.3,.948,0.9,2.4,3.3,2.5,0.9,0.2,1.5,2.8,12.8
391,Austin Rivers\riverau01,SG,28,NYK,21,2,21.0,2.8,6.4,.430,1.3,3.7,.364,1.4,2.8,.517,.533,0.5,0.7,.714,0.2,2.0,2.2,2.0,0.6,0.0,1.0,1.5,7.3
392,Andre Roberson\roberan03,SG,29,BRK,5,0,12.6,0.4,2.8,.143,0.2,1.6,.125,0.2,1.2,.167,.179,0.2,0.4,.500,1.4,1.6,3.0,0.8,0.6,0.2,0.4,0.8,1.2
393,Duncan Robinson\robindu01,SF,26,MIA,36,36,33.4,4.2,9.8,.429,3.3,8.3,.391,0.9,1.5,.642,.595,1.2,1.4,.840,0.1,3.9,3.9,1.6,0.5,0.2,1.3,2.5,12.8
394,Glenn Robinson III\robingl02,SF,27,SAC,23,2,16.0,1.8,4.3,.424,0.7,1.9,.364,1.1,2.4,.473,.505,0.9,1.0,.913,0.5,1.5,2.0,0.9,0.2,0.1,0.5,1.0,5.3
395,Jerome Robinson\robinje01,SG,23,WAS,13,3,17.0,1.7,5.2,.328,0.7,2.4,.290,1.0,2.8,.361,.396,1.2,1.3,.882,0.2,2.4,2.5,1.4,0.5,0.2,0.8,1.6,5.2
396,Mitchell Robinson\robinmi01,C,22,NYK,27,27,28.8,3.8,5.8,.660,0.0,0.0,,3.8,5.8,.660,.660,0.8,1.7,.478,3.6,4.8,8.4,0.5,1.2,1.5,0.8,2.9,8.4
397,Isaiah Roby\robyis01,PF,22,OKC,30,12,21.3,3.3,6.3,.521,0.6,1.8,.340,2.7,4.6,.591,.568,1.4,1.9,.724,1.5,3.9,5.4,1.8,0.8,0.6,1.3,2.7,8.6
398,Rajon Rondo\rondora01,PG,34,ATL,20,2,15.0,1.5,3.7,.392,0.7,1.7,.382,0.8,2.0,.400,.480,0.1,0.1,.500,0.2,2.0,2.2,3.5,0.6,0.1,1.4,0.9,3.6
399,Derrick Rose\rosede01,PG,32,TOT,25,3,23.5,5.0,11.7,.430,0.9,2.4,.377,4.1,9.3,.444,.469,2.5,3.0,.851,0.3,1.9,2.2,4.5,1.2,0.4,1.9,1.2,13.5
399,Derrick Rose\rosede01,PG,32,DET,15,0,22.8,5.3,12.3,.429,0.9,2.6,.333,4.4,9.7,.455,.465,2.8,3.3,.840,0.4,1.5,1.9,4.2,1.2,0.3,1.9,1.1,14.2
399,Derrick Rose\rosede01,PG,32,NYK,10,3,24.6,4.7,10.9,.431,1.0,2.2,.455,3.7,8.7,.425,.477,2.1,2.4,.875,0.1,2.5,2.6,4.9,1.1,0.6,1.9,1.2,12.5
400,Terrence Ross\rosste01,SG,29,ORL,35,2,29.5,5.6,13.6,.410,2.1,6.1,.344,3.5,7.5,.462,.486,2.3,2.6,.900,0.3,3.1,3.5,2.2,1.1,0.5,1.7,1.8,15.5
401,Terry Rozier\roziete01,SG,26,CHO,33,33,33.5,7.4,15.2,.490,3.4,7.7,.439,4.1,7.5,.543,.601,2.3,2.8,.824,0.5,3.3,3.8,3.2,1.4,0.4,2.1,2.0,20.5
402,Ricky Rubio\rubiori01,PG,30,MIN,34,19,25.4,2.7,6.9,.390,0.8,2.4,.329,1.9,4.5,.422,.447,1.8,2.2,.824,0.4,2.7,3.1,6.4,1.2,0.0,2.1,2.3,8.0
403,D'Angelo Russell\russeda01,PG,24,MIN,20,19,29.2,7.0,16.3,.426,3.0,7.4,.399,4.0,8.9,.449,.517,2.4,3.2,.750,0.5,2.2,2.6,5.1,1.1,0.5,2.7,2.0,19.3
404,Domantas Sabonis\sabondo01,PF,24,IND,35,35,36.5,7.8,14.9,.525,0.9,2.7,.333,6.9,12.2,.568,.556,4.2,5.9,.714,2.6,8.5,11.1,6.0,1.0,0.6,3.4,3.4,20.8
405,Luka Šamanić\samanlu01,PF,21,SAS,9,1,11.0,1.7,3.8,.441,0.9,2.2,.400,0.8,1.6,.500,.559,0.4,0.9,.500,0.7,2.4,3.1,0.1,0.3,0.2,0.7,1.1,4.7
406,JaKarr Sampson\sampsja02,PF,27,IND,15,0,6.5,1.0,2.1,.469,0.1,0.3,.200,0.9,1.8,.519,.484,0.5,0.7,.800,0.5,1.4,1.9,0.1,0.1,0.2,0.4,0.7,2.6
407,Dario Šarić\saricda01,C,26,PHO,17,0,18.1,4.1,8.4,.483,1.4,3.6,.377,2.7,4.8,.561,.563,2.0,2.2,.919,0.8,3.2,4.0,1.3,0.8,0.2,1.2,1.9,11.5
408,Tomáš Satoranský\satorto01,SG,29,CHI,23,0,20.7,2.6,4.9,.536,0.8,1.7,.487,1.8,3.2,.562,.621,1.1,1.3,.897,0.3,2.3,2.6,4.4,0.5,0.2,1.5,1.2,7.2
409,Dennis Schröder\schrode01,SG,27,LAL,33,33,31.2,5.2,11.9,.440,1.0,3.2,.317,4.2,8.8,.484,.482,3.4,4.1,.831,0.5,2.9,3.5,4.5,0.9,0.2,2.3,2.7,14.9
410,Mike Scott\scottmi01,PF,32,PHI,17,4,17.4,1.5,3.7,.413,1.1,2.9,.380,0.4,0.8,.538,.563,0.1,0.3,.400,0.2,2.5,2.8,0.3,0.5,0.1,0.6,1.0,4.3
411,Collin Sexton\sextoco01,SG,22,CLE,31,31,36.4,8.8,18.2,.487,1.7,4.2,.400,7.2,14.0,.513,.533,4.7,5.9,.803,0.7,1.9,2.6,4.5,1.2,0.1,2.9,2.8,24.1
412,Landry Shamet\shamela01,SG,23,BRK,33,0,19.7,2.5,6.5,.384,1.8,4.9,.358,0.8,1.6,.463,.519,1.0,1.2,.868,0.2,1.7,1.8,1.1,0.5,0.2,0.8,1.3,7.8
413,Iman Shumpert\shumpim01,SG,30,BRK,2,0,5.5,0.5,2.0,.250,0.0,1.5,.000,0.5,0.5,1.000,.250,0.0,0.0,,0.5,0.0,0.5,0.0,0.5,0.0,0.5,0.0,1.0
414,Pascal Siakam\siakapa01,PF,26,TOR,30,30,35.8,7.4,16.3,.453,1.2,4.1,.295,6.2,12.3,.505,.490,4.1,5.0,.819,1.9,5.5,7.5,4.8,1.2,0.7,2.2,3.1,20.1
415,Chris Silva\silvach01,PF,24,MIA,6,0,8.8,1.0,1.5,.667,0.2,0.2,1.000,0.8,1.3,.625,.722,1.7,2.0,.833,1.2,1.8,3.0,1.0,0.2,0.3,1.3,2.3,3.8
416,Ben Simmons\simmobe01,PG,24,PHI,31,31,33.9,6.2,10.7,.578,0.1,0.2,.286,6.1,10.5,.585,.581,3.6,5.4,.671,1.7,6.2,7.9,7.6,1.6,0.7,3.4,3.1,16.1
417,Anfernee Simons\simonan01,SG,21,POR,32,0,17.0,2.7,6.9,.395,2.0,4.9,.411,0.7,1.9,.355,.543,0.7,0.8,.846,0.2,2.3,2.4,1.3,0.2,0.2,0.8,1.7,8.2
418,Deividas Sirvydis\sirvyde01,SG,20,DET,5,0,1.6,0.0,0.6,.000,0.0,0.6,.000,0.0,0.0,,.000,0.2,0.4,.500,0.0,0.2,0.2,0.2,0.0,0.0,0.0,0.2,0.2
419,Marcus Smart\smartma01,PG,26,BOS,17,17,32.3,4.4,11.1,.394,1.6,5.3,.311,2.7,5.8,.469,.468,2.7,3.6,.742,0.4,2.4,2.8,6.1,1.8,0.5,1.8,2.3,13.1
420,Dennis Smith Jr.\smithde03,PG,23,TOT,15,7,18.3,2.8,7.3,.385,0.9,2.9,.318,1.9,4.3,.431,.450,0.7,0.9,.786,0.7,2.0,2.7,3.3,1.2,0.5,1.1,1.5,7.3
420,Dennis Smith Jr.\smithde03,PG,23,NYK,3,0,9.3,0.7,3.3,.200,0.0,1.3,.000,0.7,2.0,.333,.200,1.7,2.0,.833,0.0,0.7,0.7,1.0,1.0,0.0,0.3,1.3,3.0
420,Dennis Smith Jr.\smithde03,PG,23,DET,12,7,20.6,3.3,8.3,.404,1.2,3.3,.350,2.2,4.9,.441,.475,0.5,0.7,.750,0.8,2.3,3.2,3.8,1.3,0.7,1.3,1.6,8.3
421,Ish Smith\smithis01,PG,32,WAS,19,1,20.6,2.3,6.1,.379,0.3,1.1,.250,2.1,5.1,.406,.401,0.3,0.8,.400,0.5,2.9,3.5,4.7,0.8,0.2,1.0,0.9,5.2
422,Jalen Smith\smithja04,PF,20,PHO,11,0,5.2,0.6,1.7,.368,0.2,0.7,.250,0.5,1.0,.455,.421,0.0,0.2,.000,0.5,0.5,1.0,0.2,0.0,0.2,0.1,0.4,1.5
423,Tony Snell\snellto01,SG,29,ATL,23,6,18.3,1.8,3.7,.482,1.5,2.7,.565,0.3,1.0,.261,.688,0.0,0.0,,0.5,1.6,2.0,1.2,0.1,0.3,0.6,1.3,5.1
424,Ray Spalding\spaldra01,C,23,HOU,2,0,9.5,1.0,2.0,.500,0.0,0.5,.000,1.0,1.5,.667,.500,0.0,1.0,.000,1.0,1.0,2.0,0.0,0.0,1.0,1.5,1.5,2.0
425,Cassius Stanley\stanlca01,SG,21,IND,8,0,2.9,0.3,0.9,.286,0.1,0.3,.500,0.1,0.6,.200,.357,0.5,0.6,.800,0.3,0.1,0.4,0.0,0.0,0.3,0.1,0.9,1.1
426,Lamar Stevens\stevela01,PF,23,CLE,24,0,14.4,1.6,3.9,.404,0.1,0.7,.118,1.5,3.2,.468,.415,1.0,1.3,.719,0.5,2.1,2.6,1.0,0.5,0.3,0.6,1.5,4.2
427,Isaiah Stewart\stewais01,C,19,DET,34,2,18.4,2.4,4.3,.555,0.0,0.1,.200,2.4,4.1,.567,.558,0.6,0.9,.688,2.4,3.4,5.8,0.7,0.5,1.0,0.9,2.6,5.4
428,Max Strus\strusma01,SF,24,MIA,19,0,14.9,2.5,5.4,.456,1.6,4.5,.365,0.8,0.9,.889,.607,0.5,0.7,.714,0.1,0.9,1.1,0.5,0.2,0.0,0.2,1.3,7.1
429,Edmond Sumner\sumneed01,SG,25,IND,22,4,11.4,1.9,3.7,.512,0.4,1.2,.346,1.5,2.5,.589,.567,0.9,1.2,.741,0.4,1.0,1.4,0.5,0.6,0.1,0.8,1.2,5.1
430,Jae'Sean Tate\tateja01,SF,25,HOU,34,22,27.4,4.0,7.4,.536,0.6,2.0,.319,3.3,5.4,.617,.579,1.3,1.7,.754,1.9,3.4,5.3,1.7,0.9,0.5,1.2,3.1,9.9
431,Jayson Tatum\tatumja01,SF,22,BOS,31,31,35.8,9.0,20.6,.437,2.6,7.1,.368,6.4,13.5,.474,.501,4.3,5.0,.859,0.6,6.5,7.1,4.5,1.4,0.5,2.5,1.9,24.9
432,Jeff Teague\teaguje01,PG,32,BOS,28,4,18.1,2.1,5.6,.373,0.7,1.6,.422,1.4,4.0,.354,.434,1.5,1.7,.896,0.3,1.4,1.6,2.1,0.8,0.2,1.1,1.2,6.4
433,Garrett Temple\templga01,SG,34,CHI,33,12,28.4,3.2,7.6,.428,1.4,4.0,.344,1.9,3.6,.521,.518,0.9,1.2,.816,0.6,2.6,3.2,2.1,0.9,0.5,1.0,2.3,8.8
434,Tyrell Terry\terryty01,PG,20,DAL,11,0,5.1,0.5,1.5,.313,0.0,0.6,.000,0.5,0.8,.556,.313,0.1,0.3,.333,0.0,0.5,0.5,0.5,0.5,0.0,0.2,0.2,1.0
435,Daniel Theis\theisda01,C,28,BOS,34,29,24.3,3.6,6.5,.564,0.8,2.1,.370,2.9,4.3,.660,.625,1.2,1.8,.667,1.3,3.7,5.0,1.4,0.6,1.1,1.0,2.9,9.3
436,Brodric Thomas\thomabr01,SG,24,HOU,4,0,6.0,0.5,1.8,.286,0.3,1.5,.167,0.3,0.3,1.000,.357,1.3,1.8,.714,0.3,0.8,1.0,1.0,0.3,0.3,1.0,1.3,2.5
437,Matt Thomas\thomama02,SG,26,TOR,21,0,6.9,0.9,2.2,.391,0.6,1.5,.387,0.3,0.7,.400,.522,0.2,0.3,.833,0.0,0.6,0.7,0.4,0.1,0.0,0.2,0.4,2.5
438,Tristan Thompson\thomptr01,PF,29,BOS,34,29,22.8,3.3,6.1,.531,0.0,0.1,.000,3.3,6.1,.539,.531,1.4,2.2,.632,3.1,5.2,8.3,1.0,0.4,0.4,0.9,2.1,7.9
439,Sindarius Thornwell\thornsi01,SG,26,NOP,11,1,4.8,0.5,1.2,.462,0.3,0.5,.500,0.3,0.6,.429,.577,0.0,0.2,.000,0.1,0.2,0.3,0.2,0.4,0.0,0.2,0.3,1.4
440,Matisse Thybulle\thybuma01,SG,23,PHI,33,2,18.1,1.2,3.2,.368,0.5,2.0,.262,0.7,1.2,.537,.448,0.2,0.4,.571,0.4,1.1,1.5,0.9,1.4,0.9,0.4,2.0,3.1
441,Killian Tillie\tilliki02,C,22,MEM,2,0,10.5,0.5,2.0,.250,0.5,1.0,.500,0.0,1.0,.000,.375,0.0,0.0,,0.5,0.5,1.0,0.0,0.5,0.0,0.5,2.5,1.5
442,Xavier Tillman Sr.\tillmxa01,PF,22,MEM,27,7,20.4,3.0,5.9,.513,0.4,1.3,.286,2.6,4.6,.577,.544,0.6,0.9,.739,1.5,3.1,4.6,1.7,0.9,0.6,0.9,2.4,7.0
443,Obi Toppin\toppiob01,PF,22,NYK,27,0,12.7,1.9,4.0,.486,0.5,1.6,.295,1.4,2.3,.619,.547,0.4,0.5,.714,0.3,2.1,2.5,0.6,0.3,0.4,0.6,1.0,4.7
444,Juan Toscano-Anderson\toscaju01,SG,27,GSW,23,13,20.6,2.3,4.1,.564,0.7,1.5,.429,1.7,2.6,.644,.644,0.6,0.8,.722,0.7,3.8,4.5,2.2,0.6,0.5,1.1,2.1,5.8
445,Karl-Anthony Towns\townska01,C,25,MIN,16,16,32.8,7.9,15.9,.494,1.9,5.0,.375,6.0,10.9,.549,.553,4.4,4.8,.909,3.0,7.9,10.9,3.9,0.9,1.7,3.2,3.8,22.0
446,Gary Trent Jr.\trentga02,SG,22,POR,33,20,31.2,5.5,13.1,.423,3.1,7.5,.406,2.5,5.6,.446,.539,1.1,1.4,.778,0.6,1.6,2.2,1.5,0.8,0.2,0.7,1.6,15.2
447,P.J. Tucker\tuckepj01,PF,35,HOU,32,32,30.0,1.5,4.1,.366,0.8,2.7,.314,0.7,1.4,.467,.469,0.6,0.7,.783,1.0,3.6,4.6,1.4,0.9,0.6,1.0,2.8,4.4
448,Myles Turner\turnemy01,C,24,IND,33,33,31.5,4.7,9.8,.484,1.5,4.6,.314,3.3,5.1,.639,.559,2.5,3.3,.778,1.4,5.2,6.5,0.9,1.0,3.4,1.4,3.5,13.5
449,Jonas Valančiūnas\valanjo01,C,28,MEM,27,26,27.1,6.3,11.7,.539,0.4,1.0,.357,6.0,10.7,.557,.555,2.5,3.3,.756,3.4,7.9,11.3,1.7,0.6,0.6,2.1,3.1,15.6
450,Denzel Valentine\valende01,SG,27,CHI,30,3,19.7,3.1,8.3,.375,1.6,4.7,.348,1.5,3.6,.411,.474,0.2,0.2,1.000,0.4,3.7,4.1,1.8,0.7,0.0,0.6,1.2,8.0
451,Jarred Vanderbilt\vandeja01,PF,21,MIN,34,17,19.2,2.5,4.1,.612,0.0,0.1,.500,2.5,4.0,.613,.615,1.0,1.9,.556,1.8,3.9,5.7,1.5,1.1,0.6,1.0,2.1,6.1
452,Fred VanVleet\vanvlfr01,SG,26,TOR,34,34,36.7,6.6,16.6,.400,3.4,8.8,.383,3.3,7.9,.419,.501,3.5,3.9,.894,0.7,3.8,4.4,6.6,1.7,0.8,2.0,2.4,20.1
453,Devin Vassell\vassede01,SF,20,SAS,26,1,17.3,1.9,4.8,.397,1.0,2.4,.397,1.0,2.4,.397,.496,0.7,0.8,.857,0.6,2.6,3.2,1.1,1.1,0.3,0.5,1.2,5.5
454,Gabe Vincent\vincega01,PG,24,MIA,25,5,15.0,2.1,5.7,.364,0.9,3.6,.258,1.2,2.2,.537,.444,0.8,0.8,.905,0.1,1.0,1.1,1.2,0.5,0.1,0.8,1.8,5.8
455,Noah Vonleh\vonleno01,PF,25,BRK,4,0,2.8,0.0,0.8,.000,0.0,0.5,.000,0.0,0.3,.000,.000,0.0,0.0,,0.0,0.3,0.3,0.3,0.0,0.0,0.5,0.5,0.0
456,Nikola Vučević\vucevni01,C,30,ORL,36,36,33.9,9.9,20.4,.483,2.7,6.5,.412,7.2,13.9,.516,.548,2.2,2.6,.851,1.9,9.7,11.6,3.7,1.0,0.6,1.7,1.7,24.6
457,Dean Wade\wadede01,PF,24,CLE,28,5,11.4,1.2,2.6,.446,0.8,1.9,.423,0.4,0.8,.500,.595,0.3,0.4,.667,0.5,1.7,2.1,0.6,0.2,0.2,0.4,0.8,3.4
458,Moritz Wagner\wagnemo01,C,23,WAS,22,11,14.3,2.5,4.8,.533,0.5,1.6,.343,2.0,3.2,.629,.590,1.5,2.0,.750,0.5,2.5,3.0,1.2,0.7,0.3,0.6,2.3,7.1
459,Kemba Walker\walkeke02,PG,30,BOS,20,20,30.0,6.2,15.9,.388,3.0,8.1,.366,3.2,7.8,.410,.481,3.2,3.5,.914,0.4,3.2,3.6,4.6,1.1,0.4,2.2,1.4,18.5
460,Lonnie Walker\walkelo01,SG,22,SAS,30,27,27.3,4.2,10.5,.402,1.8,4.9,.358,2.5,5.6,.440,.486,1.1,1.3,.800,0.2,2.7,2.9,1.8,0.5,0.4,1.1,2.1,11.3
461,John Wall\walljo01,PG,30,HOU,25,25,31.7,7.5,17.7,.424,2.0,6.0,.340,5.5,11.7,.468,.482,4.0,5.3,.744,0.4,2.8,3.2,6.0,0.9,0.7,3.3,1.2,21.0
462,Brad Wanamaker\wanambr01,PG,31,GSW,37,0,16.2,1.6,4.4,.358,0.4,1.5,.232,1.2,2.9,.425,.398,1.3,1.5,.891,0.2,1.5,1.7,2.7,0.7,0.2,0.9,1.4,4.8
463,T.J. Warren\warretj01,SF,27,IND,4,4,29.3,6.8,12.8,.529,0.0,1.8,.000,6.8,11.0,.614,.529,2.0,2.5,.800,0.5,3.0,3.5,1.3,0.5,0.0,1.0,4.0,15.5
464,P.J. Washington\washipj01,PF,22,CHO,31,31,29.4,4.4,9.8,.449,1.4,3.5,.385,3.1,6.3,.485,.518,2.3,2.9,.778,1.5,4.9,6.3,2.9,1.1,1.2,2.1,2.7,12.5
465,Yuta Watanabe\watanyu01,SF,26,TOR,22,1,12.2,0.9,2.7,.333,0.5,1.5,.364,0.4,1.2,.296,.433,0.4,0.4,1.000,0.8,2.4,3.2,0.4,0.4,0.5,0.4,1.0,2.7
466,Tremont Waters\watertr01,PG,23,BOS,10,1,9.8,1.0,3.1,.323,0.6,1.5,.400,0.4,1.6,.250,.419,0.7,0.8,.875,0.2,0.6,0.8,3.0,0.6,0.0,1.3,0.6,3.3
467,Paul Watson\watsopa01,SF,26,TOR,16,0,4.6,0.6,1.3,.500,0.6,1.1,.529,0.1,0.2,.333,.725,0.0,0.0,,0.1,0.8,0.9,0.1,0.0,0.1,0.1,0.6,1.8
468,Quinndary Weatherspoon\weathqu01,SG,24,SAS,5,0,4.8,0.2,1.0,.200,0.0,0.2,.000,0.2,0.8,.250,.200,0.4,0.4,1.000,0.0,0.4,0.4,0.6,0.2,0.0,1.2,1.4,0.8
469,Russell Westbrook\westbru01,PG,32,WAS,27,27,34.2,7.8,18.3,.428,1.1,3.8,.294,6.7,14.5,.463,.458,3.5,6.0,.583,1.6,8.1,9.7,9.8,1.1,0.3,4.8,2.9,20.3
470,Coby White\whiteco01,PG,20,CHI,34,34,33.2,5.9,14.1,.420,2.4,6.7,.354,3.5,7.4,.480,.504,2.0,2.3,.896,0.5,4.6,5.1,5.0,0.4,0.1,2.4,2.5,16.2
471,Derrick White\whitede01,SG,26,SAS,8,4,23.6,4.3,10.8,.395,1.9,5.5,.341,2.4,5.3,.452,.483,1.4,1.9,.733,0.1,1.6,1.8,3.9,1.0,1.0,0.9,2.3,11.8
472,Hassan Whiteside\whiteha01,C,31,SAC,23,1,14.6,3.5,6.0,.580,0.0,0.0,.000,3.5,6.0,.584,.580,1.3,2.4,.545,1.6,4.2,5.7,0.5,0.3,1.3,1.0,1.8,8.3
473,Greg Whittington\whittgr01,PF,27,DEN,2,0,4.0,0.0,1.0,.000,0.0,1.0,.000,0.0,0.0,,.000,0.0,0.0,,0.0,0.0,0.0,0.0,0.0,0.0,0.0,0.0,0.0
474,Andrew Wiggins\wiggian01,PF,25,GSW,37,37,32.2,6.5,14.1,.463,1.8,5.0,.351,4.8,9.1,.524,.525,2.2,3.3,.672,1.0,3.4,4.5,2.2,0.8,1.1,1.9,2.3,17.0
475,Grant Williams\willigr01,PF,22,BOS,28,6,18.5,1.9,4.1,.470,0.9,2.1,.433,1.0,2.0,.509,.583,0.5,1.0,.517,1.0,1.9,2.9,0.9,0.5,0.4,1.0,2.8,5.3
476,Kenrich Williams\willike04,PF,26,OKC,36,6,18.9,2.6,4.7,.554,0.6,1.4,.420,2.0,3.3,.610,.616,0.4,0.7,.625,1.3,2.7,4.0,1.6,0.8,0.2,0.9,1.8,6.2
477,Lou Williams\willilo02,PG,34,LAC,35,3,22.7,4.5,10.7,.422,1.1,2.8,.398,3.4,7.9,.431,.475,2.4,2.7,.865,0.4,1.9,2.3,3.7,0.9,0.1,1.6,1.0,12.5
478,Patrick Williams\willipa01,PF,19,CHI,33,33,28.5,3.8,8.1,.474,0.9,2.3,.390,2.9,5.8,.508,.530,1.6,2.0,.788,0.9,3.9,4.8,1.2,0.7,0.8,1.5,2.3,10.2
479,Robert Williams\williro04,C,23,BOS,29,0,16.1,3.0,4.2,.721,0.0,0.0,.000,3.0,4.2,.727,.721,0.9,1.3,.641,2.3,3.6,5.9,1.1,0.9,1.4,1.0,1.8,6.9
480,Zion Williamson\willizi01,PF,20,NOP,34,34,33.1,9.9,16.1,.614,0.2,0.6,.316,9.7,15.5,.624,.619,5.7,8.2,.695,2.7,4.5,7.2,3.4,0.9,0.7,2.6,2.4,25.6
481,D.J. Wilson\wilsodj01,PF,24,MIL,11,0,9.0,1.4,3.7,.366,0.8,2.4,.346,0.5,1.4,.400,.476,0.1,0.2,.500,0.3,1.8,2.1,0.3,0.1,0.4,0.4,1.1,3.6
482,Dylan Windler\windldy01,SF,24,CLE,22,0,19.0,2.1,4.7,.456,1.0,2.9,.365,1.1,1.8,.600,.568,1.0,1.2,.808,0.8,3.3,4.1,1.3,0.7,0.5,1.0,1.3,6.3
483,Justise Winslow\winslju01,SF,24,MEM,6,0,22.3,4.0,10.7,.375,0.5,2.5,.200,3.5,8.2,.429,.398,1.0,1.7,.600,0.8,4.3,5.2,1.5,0.5,0.7,1.7,3.0,9.5
484,Cassius Winston\winstca01,PG,22,WAS,6,0,7.3,0.7,1.7,.400,0.5,1.2,.429,0.2,0.5,.333,.550,0.3,0.3,1.000,0.0,0.7,0.7,1.0,0.0,0.2,0.2,0.7,2.2
485,James Wiseman\wisemja01,C,19,GSW,26,17,20.8,4.8,9.5,.510,0.4,1.0,.370,4.5,8.5,.527,.530,1.7,2.7,.629,1.4,4.5,5.9,0.7,0.3,1.1,1.5,3.2,11.8
486,Christian Wood\woodch01,C,25,HOU,17,17,31.2,8.8,15.7,.558,1.9,4.5,.421,6.9,11.2,.613,.618,2.6,3.8,.688,1.8,8.4,10.2,1.3,0.9,1.5,1.8,1.9,22.0
487,Robert Woodard\woodaro01,SF,21,SAC,6,0,2.8,1.0,1.8,.545,0.2,0.5,.333,0.8,1.3,.625,.591,0.0,0.3,.000,0.5,0.8,1.3,0.0,0.0,0.0,0.2,0.0,2.2
488,Delon Wright\wrighde01,SG,28,DET,29,24,29.2,3.8,8.1,.468,1.0,2.5,.384,2.8,5.6,.506,.528,2.1,2.7,.785,1.1,3.5,4.6,4.9,1.4,0.5,1.2,1.1,10.7
489,Thaddeus Young\youngth01,PF,32,CHI,30,0,25.3,5.6,9.1,.609,0.2,0.7,.227,5.4,8.4,.643,.619,0.8,1.5,.500,2.4,3.5,5.9,4.4,1.4,0.6,1.9,2.7,12.1
490,Trae Young\youngtr01,PG,22,ATL,34,34,34.8,7.7,17.9,.430,2.5,6.6,.378,5.2,11.3,.460,.499,8.5,9.6,.878,0.7,3.4,4.2,9.4,0.9,0.2,4.4,2.1,26.4
491,Cody Zeller\zelleco01,C,28,CHO,18,15,23.4,4.1,7.9,.514,0.2,1.1,.158,3.9,6.8,.569,.525,1.4,1.8,.758,2.6,5.0,7.6,2.4,0.6,0.6,1.1,2.6,9.7
492,Ivica Zubac\zubaciv01,C,23,LAC,38,1,19.8,3.2,4.8,.659,0.0,0.0,.000,3.2,4.8,.663,.659,1.9,2.3,.826,2.4,4.6,7.0,1.1,0.4,0.8,1.0,2.5,8.2